1 4
2 4
20 4
27 4
33 4
39 4
43 4
85 4
96 4
114 4
128 4
145 4
156 4
159 4
168 4
174 4
195 4
214 4
222 4
229 4
245 4
264 4
312 4
318 4
354 4
390 4
410 4
419 4
420 4
426 4
432 4
441 4
467 4
488 4
512 4
519 4
522 4
546 4
551 4
552 4
559 4
561 4
576 4
578 4
597 4
613 4
615 4
628 4
660 4
695 4
707 4
732 4
736 4
771 4
772 4
790 4
793 4
826 4
848 4
855 4
865 4
867 4
874 4
934 4
964 4
965 4
969 4
975 4
26 6
32 6
144 6
173 6
353 6
466 6
487 6
518 6
545 6
560 6
596 6
614 6
731 6
31 8
172 8
486 8
595 8
730 8
485 10
484 12
