1000 9895
514 223
881 668
377 973
543 694
530 531
307 950
380 192
806 428
76 201
63 477
303 418
195 749
388 865
751 800
293 344
1000 476
341 76
717 801
556 609
902 637
274 390
113 182
943 464
749 481
625 211
809 916
600 238
481 315
481 801
703 970
552 822
814 470
891 737
729 254
821 662
866 33
23 84
598 488
329 89
261 932
547 471
857 723
399 810
179 976
28 748
432 301
909 312
771 812
420 326
3 438
576 404
850 271
561 320
374 901
729 698
180 810
567 174
976 697
477 388
673 767
619 359
328 76
291 320
700 889
573 618
560 791
285 354
417 298
463 392
627 225
438 384
573 731
119 581
859 946
864 876
819 736
229 150
12 764
363 940
91 93
272 785
95 637
242 995
526 933
835 74
642 758
661 330
175 547
651 876
267 615
472 979
513 835
946 690
674 822
124 225
622 96
663 429
422 80
80 135
263 768
327 77
95 49
151 995
812 991
105 869
515 516
33 944
300 441
572 946
467 423
433 587
438 740
554 181
282 784
760 210
960 403
156 744
710 323
503 707
16 347
696 397
143 914
990 211
244 977
939 787
710 210
306 140
605 296
953 959
267 92
153 775
118 681
987 744
549 161
591 119
735 714
171 935
980 291
912 67
567 797
415 16
201 156
607 524
799 190
162 273
608 961
422 839
404 214
150 310
28 918
103 370
31 465
950 411
487 531
879 765
77 275
349 558
724 526
157 411
436 726
312 476
504 533
208 349
779 96
48 502
587 859
381 366
36 473
239 112
422 688
333 459
514 752
25 603
655 641
830 367
390 244
325 170
393 104
358 832
696 783
56 174
937 619
989 930
481 935
427 441
434 471
664 348
241 535
959 815
670 406
239 4
588 11
16 549
847 782
311 427
49 837
692 25
977 661
317 108
359 753
469 273
182 810
312 596
960 320
76 911
875 351
306 78
187 759
576 784
173 603
913 975
976 888
828 190
41 788
761 133
192 152
926 855
602 991
269 828
474 830
735 665
559 431
687 346
487 448
913 745
699 312
580 621
489 228
400 851
96 66
956 312
82 109
45 119
282 347
50 911
70 458
862 566
21 254
149 41
810 917
334 111
318 592
154 913
656 307
140 222
606 571
705 130
105 54
968 116
552 627
104 909
119 525
979 596
232 335
51 789
142 636
620 27
593 170
42 688
815 774
691 805
48 353
410 840
574 722
906 232
910 752
512 47
831 86
872 29
66 460
252 487
695 679
596 844
194 169
605 906
252 342
790 868
972 127
459 20
186 836
575 418
755 149
434 330
273 968
790 727
733 362
174 632
502 5
967 69
896 730
329 463
44 924
9 679
800 150
585 640
433 403
201 655
917 833
540 168
27 7
653 839
468 115
568 289
558 879
37 226
754 628
576 892
943 130
781 227
527 963
162 917
749 687
383 497
169 331
705 265
391 316
672 702
736 481
439 464
547 580
340 651
912 124
676 237
934 685
3 349
138 973
874 162
333 744
201 340
811 671
154 834
817 2
391 115
103 293
805 545
76 695
390 425
177 316
822 428
626 741
917 72
519 388
423 307
595 866
742 215
234 438
200 250
495 999
172 128
798 212
578 610
237 823
474 27
296 716
543 689
604 929
128 260
189 421
890 530
964 553
752 543
695 651
735 494
684 720
792 346
703 140
742 738
216 364
68 656
264 309
321 55
164 603
825 391
458 376
541 323
570 693
790 610
921 753
394 744
982 686
87 782
95 259
532 470
856 73
417 899
18 674
130 488
840 371
705 356
352 814
515 999
719 335
371 501
540 338
83 425
874 40
425 773
559 359
376 12
508 537
296 379
991 904
999 429
547 308
395 3
188 531
304 71
127 583
764 754
613 396
546 445
103 478
451 137
971 846
147 384
917 108
422 570
629 946
578 932
872 665
357 95
513 55
785 810
937 963
384 973
516 942
366 86
424 825
744 354
962 297
543 802
17 958
65 504
661 329
845 476
781 471
122 557
983 434
52 208
405 798
388 178
872 85
156 182
383 959
569 594
821 132
165 416
786 440
448 453
354 379
172 680
539 492
556 582
283 170
221 634
826 844
442 889
922 527
430 382
460 992
934 222
403 610
880 487
562 745
804 702
952 905
101 998
947 142
552 133
202 123
684 811
494 899
614 684
559 37
391 503
265 807
400 74
454 285
920 46
745 700
482 586
512 843
602 875
864 350
24 533
791 231
527 729
876 397
555 828
535 226
478 356
245 714
712 785
966 666
344 693
988 102
607 668
663 670
97 323
81 966
962 841
266 208
346 418
167 656
439 943
872 614
357 460
113 582
534 280
252 246
17 777
141 963
788 2
868 976
534 626
410 996
307 576
401 507
254 679
807 183
960 790
618 714
711 539
158 425
877 815
364 646
721 195
902 792
905 4
761 119
605 933
531 958
593 265
632 721
545 238
947 814
235 512
98 383
694 521
717 18
562 939
284 229
433 741
969 955
593 555
244 737
496 343
910 192
222 56
848 903
903 777
260 797
837 942
766 949
767 324
512 829
383 79
232 794
277 574
919 227
478 337
669 536
444 297
763 594
303 767
883 665
754 819
814 233
482 622
504 10
124 819
32 673
35 194
645 817
903 461
64 370
887 866
916 815
586 78
490 180
552 455
885 333
398 416
118 596
799 157
861 500
989 319
737 206
315 272
44 178
262 249
708 345
638 30
361 50
606 568
771 517
367 492
228 934
444 875
673 535
50 750
600 712
185 877
438 329
243 163
360 714
820 593
750 662
551 995
976 831
65 624
104 906
102 693
910 582
103 708
656 16
163 563
59 610
388 852
940 297
997 168
67 175
341 852
604 990
273 540
126 238
43 950
707 479
595 446
368 749
226 647
646 190
942 817
768 504
644 347
77 604
490 931
471 932
540 907
613 592
677 366
644 121
772 54
701 376
919 289
920 86
504 618
583 116
307 393
937 2
576 974
922 758
245 221
504 985
326 118
202 32
149 551
504 263
72 524
44 223
939 858
818 105
965 982
698 691
918 436
443 20
211 48
837 172
366 652
438 233
573 354
831 834
707 688
536 964
267 467
287 28
163 2
465 350
329 569
819 591
785 547
984 318
612 962
408 202
836 138
413 839
250 859
718 242
979 642
881 944
592 557
699 771
793 978
561 230
465 137
516 858
471 407
973 113
721 984
39 581
685 701
501 848
247 332
46 777
110 188
351 306
319 976
2 701
198 675
933 596
789 720
556 829
797 756
850 542
123 160
365 35
702 226
80 157
812 614
526 908
618 917
415 823
381 857
517 55
613 670
905 173
929 430
592 151
428 885
563 310
952 502
434 254
454 133
222 97
832 469
852 792
766 866
86 464
307 485
106 322
397 172
614 641
526 379
14 934
952 716
746 680
656 176
913 53
890 51
276 216
791 194
758 787
327 581
508 538
145 590
426 773
651 452
859 633
72 149
568 890
533 1000
680 340
438 100
276 263
900 857
171 603
633 340
563 513
638 199
286 184
968 431
767 801
840 873
936 909
42 964
907 60
988 929
741 343
758 735
392 634
492 574
121 810
111 35
510 691
157 215
489 718
447 178
397 985
270 409
964 375
720 252
39 100
151 686
222 132
837 887
324 606
199 354
933 704
685 579
815 628
851 807
754 102
111 487
95 930
246 558
350 244
846 665
273 583
285 631
938 899
244 654
705 948
668 56
834 775
781 780
701 160
98 87
335 358
482 246
959 632
563 131
485 993
170 587
135 719
687 98
209 999
47 387
683 763
597 849
746 637
891 636
567 633
58 539
996 997
886 305
157 853
877 830
624 224
1 457
405 423
279 434
837 100
433 102
158 629
371 238
120 46
637 727
253 238
188 614
469 860
846 381
560 934
696 753
923 756
764 734
875 735
879 767
440 548
438 499
538 805
936 996
29 686
15 623
785 644
238 348
664 883
828 574
703 690
483 599
500 735
907 425
425 368
158 125
200 307
850 821
962 411
104 943
46 982
217 592
34 934
416 26
325 402
994 686
974 370
307 579
143 233
128 350
419 881
25 714
617 352
925 39
300 251
730 897
812 671
246 743
907 629
285 825
566 426
302 548
697 282
792 514
304 952
156 953
428 950
639 682
622 860
291 642
365 269
544 446
909 294
655 262
1 873
829 15
541 443
243 948
430 426
714 849
255 435
148 863
476 444
79 833
524 722
83 258
778 814
619 852
612 777
95 39
80 816
447 882
321 570
585 853
532 358
340 635
889 47
597 742
585 806
382 236
534 249
991 946
435 63
723 176
757 267
690 411
273 936
893 736
2 953
77 467
872 933
136 815
474 705
318 598
486 280
716 893
898 494
662 383
558 505
168 751
704 545
499 223
391 815
51 998
729 914
327 941
798 254
569 726
242 982
281 562
964 273
870 464
994 972
997 215
121 924
341 851
271 466
925 11
855 846
475 514
905 39
172 738
839 346
363 549
199 187
147 413
682 147
424 703
904 233
320 496
563 428
925 301
827 271
889 175
553 646
592 172
904 120
613 714
201 572
471 788
848 981
722 946
635 511
424 108
614 779
299 796
339 795
473 545
443 841
905 588
853 270
451 706
88 136
16 421
144 234
932 147
718 644
683 707
814 155
174 58
359 74
109 937
866 890
814 10
961 598
709 464
233 431
965 102
627 788
325 455
246 233
975 61
906 532
979 54
743 49
175 709
443 245
997 678
889 805
361 412
770 406
862 528
849 503
99 439
816 248
673 577
197 959
671 219
620 753
824 578
876 779
126 436
341 853
385 479
385 350
833 820
376 541
214 269
694 27
181 252
204 307
405 516
579 441
63 248
431 516
217 648
561 967
267 636
381 630
384 688
526 994
86 21
181 783
782 315
981 390
688 738
385 907
672 161
783 151
683 867
812 901
445 108
904 456
909 285
915 372
311 519
282 827
9 705
396 473
216 59
288 408
400 322
455 740
772 186
576 811
120 599
9 594
853 433
359 392
342 702
257 632
519 768
212 517
563 68
382 842
239 711
810 535
408 619
309 947
963 906
305 933
969 398
1 492
710 95
882 45
317 598
895 409
224 213
558 43
825 109
896 494
864 402
918 179
297 811
10 340
608 919
985 819
516 793
629 944
561 176
452 359
381 327
664 135
512 459
418 290
938 445
976 248
99 635
996 203
869 67
834 991
72 814
678 555
755 356
137 491
284 334
677 737
610 708
593 402
351 422
427 350
857 293
507 236
752 635
293 377
241 56
119 59
838 975
696 84
473 93
240 368
795 920
354 232
472 99
532 425
882 658
847 932
575 373
455 33
4 145
209 853
818 893
122 94
305 662
639 407
973 779
408 681
780 149
781 216
912 265
995 700
637 771
305 880
72 581
435 469
184 851
233 470
654 440
70 195
456 371
992 773
476 714
996 885
940 382
233 359
608 853
635 289
922 227
276 702
909 935
567 143
436 498
148 367
918 863
798 481
202 908
119 693
229 469
780 811
396 988
474 268
293 840
78 939
149 244
426 427
929 336
656 744
676 763
589 262
160 898
518 157
295 12
190 290
805 784
678 599
897 412
402 850
773 353
846 937
425 499
346 381
673 181
88 595
422 480
759 265
227 136
657 601
436 132
863 311
193 153
901 94
118 290
890 443
340 216
588 6
351 184
801 459
491 301
277 858
354 127
136 438
65 496
38 269
810 314
980 362
784 657
641 824
624 976
416 757
681 47
165 902
59 399
800 363
676 278
507 677
779 859
904 665
748 384
141 238
698 669
719 257
187 400
315 199
260 716
248 162
46 85
411 581
214 971
503 966
111 561
865 21
793 816
760 317
153 145
472 347
106 211
110 763
664 515
148 412
900 899
963 497
968 409
819 994
659 889
715 789
814 447
333 138
603 878
994 220
730 558
729 913
327 940
509 841
972 551
662 495
543 440
603 325
270 564
570 6
916 110
39 201
756 365
314 312
668 671
963 77
266 423
927 942
507 473
362 588
436 971
849 86
617 248
342 501
473 330
536 168
593 73
151 721
100 47
104 170
985 295
968 563
536 215
534 870
169 978
411 829
29 358
89 139
180 246
666 829
668 323
706 10
999 659
268 625
913 364
388 834
678 940
19 289
277 781
403 702
556 520
190 794
692 248
565 374
327 167
763 296
459 887
189 66
66 911
965 545
322 549
431 133
255 449
809 973
866 166
313 798
476 192
753 728
511 56
918 360
942 354
232 933
95 462
637 971
1000 862
140 127
399 978
832 951
117 179
547 396
451 483
841 175
490 7
239 384
847 65
541 962
451 368
159 67
658 670
111 698
572 952
707 579
12 359
698 770
940 387
758 582
479 895
729 892
590 959
738 754
483 513
245 930
530 986
368 847
129 807
884 271
584 67
547 857
234 452
954 957
665 262
993 657
579 456
143 436
446 241
104 1000
506 580
402 779
904 473
940 271
63 72
212 918
926 206
711 588
802 488
223 374
425 459
560 314
209 428
119 161
66 47
347 570
360 951
9 917
527 511
588 255
806 130
256 746
782 277
147 880
98 222
647 967
834 202
302 460
507 926
97 926
813 832
833 2
195 813
771 340
664 586
210 550
669 557
139 750
529 410
365 758
645 452
867 332
835 342
586 428
658 849
110 998
382 843
735 845
520 818
82 35
182 418
794 32
26 86
991 854
67 638
787 203
840 446
969 30
573 388
903 279
686 93
562 604
690 416
366 537
296 607
371 133
465 440
67 668
653 445
68 227
127 576
68 63
978 246
357 203
662 292
556 223
741 341
387 838
372 392
500 709
926 505
231 631
226 940
346 239
44 107
6 75
654 775
262 993
154 758
854 655
46 952
509 738
311 59
584 462
17 947
995 918
328 524
132 388
761 998
613 77
975 874
485 925
468 540
910 687
68 566
22 967
865 896
293 663
630 640
906 318
18 260
284 510
290 587
347 518
100 886
906 385
601 815
182 804
708 644
565 317
70 757
695 910
682 507
891 931
286 941
285 742
143 760
592 260
222 67
387 42
5 743
528 540
984 111
145 492
238 681
430 763
175 184
359 431
452 595
469 489
145 381
145 700
796 948
102 407
783 686
633 939
89 601
128 583
309 18
737 965
595 483
564 472
947 478
509 209
893 193
135 141
84 715
68 176
766 427
738 95
822 329
976 665
97 320
206 34
82 20
176 81
598 948
129 77
7 100
980 636
361 228
470 966
769 29
772 852
111 976
21 440
614 655
382 392
932 590
367 680
370 253
801 659
194 783
357 449
68 884
881 719
686 676
426 93
869 503
731 27
431 684
548 796
255 1000
626 236
8 309
635 774
963 799
215 698
843 885
80 812
518 335
26 697
338 887
742 681
467 617
251 142
215 555
308 383
424 340
27 273
249 417
971 559
382 711
274 34
511 801
791 723
922 622
504 593
89 505
829 965
678 99
5 731
869 796
361 985
947 126
396 200
640 918
596 351
444 220
209 961
429 784
583 179
472 269
364 363
37 347
386 69
813 682
780 309
88 583
291 192
331 220
116 363
525 71
103 95
616 797
127 853
992 802
666 47
335 184
840 502
513 432
732 828
415 240
349 364
386 278
758 968
289 705
185 912
897 766
92 161
242 754
962 931
478 946
797 538
289 803
162 19
313 334
475 88
906 946
485 175
731 139
345 628
302 906
873 206
929 236
721 2
725 586
564 456
696 832
968 933
74 892
85 348
640 391
159 849
973 503
384 581
223 162
138 604
986 184
768 507
881 422
790 888
475 263
204 205
583 851
109 200
346 650
972 202
442 845
344 724
546 533
243 830
532 301
599 421
951 51
697 677
277 893
544 48
999 624
678 143
239 975
437 787
151 5
944 869
908 896
164 144
111 765
226 185
317 878
322 708
435 415
993 409
776 481
871 248
463 53
302 109
269 860
93 56
779 659
323 559
106 165
527 749
325 453
850 292
617 567
102 185
854 181
421 835
563 550
321 964
798 318
625 946
535 931
457 512
851 464
855 296
656 674
713 471
77 168
738 866
78 195
850 872
656 561
898 530
544 946
318 317
48 257
666 640
697 148
132 770
322 613
422 335
685 715
355 824
726 281
244 708
893 296
437 258
367 961
886 723
150 937
108 695
890 178
787 500
664 361
27 443
123 18
394 710
877 901
454 990
527 813
574 959
976 346
505 894
325 579
71 99
53 500
484 848
303 124
30 988
164 470
825 500
627 896
120 532
134 814
220 638
216 61
680 652
38 330
278 293
815 6
502 194
395 635
810 386
954 998
136 318
286 739
517 354
642 331
348 808
719 331
831 909
121 226
72 954
399 817
960 385
628 663
661 151
918 87
904 545
11 777
430 813
343 724
813 404
561 379
953 753
770 457
850 816
145 877
129 96
921 567
276 497
349 709
244 301
926 367
964 38
432 159
50 546
513 154
785 669
626 517
681 988
955 301
171 378
337 22
873 100
730 743
461 237
142 568
279 192
997 156
446 146
599 952
80 94
544 589
583 612
916 261
480 823
379 59
566 461
18 175
56 6
67 813
973 935
800 901
892 251
477 635
669 248
571 947
758 263
705 905
436 96
69 546
360 698
804 555
758 438
31 634
714 824
17 24
182 754
80 696
815 26
662 699
539 44
649 572
687 220
46 204
943 838
515 967
90 2
222 781
596 26
942 10
784 996
914 603
996 887
483 924
983 338
616 839
681 653
97 470
525 260
821 791
771 924
119 774
963 420
836 190
653 416
103 361
399 600
980 637
655 651
358 313
583 514
884 209
312 962
817 296
368 904
185 198
741 473
669 364
906 110
696 566
475 797
281 708
492 440
823 532
368 630
321 288
134 755
91 858
865 931
593 508
955 757
725 663
536 5
308 457
865 796
612 63
152 629
30 634
291 470
661 700
920 634
117 744
924 2
448 331
341 496
770 696
878 713
877 444
888 841
445 402
418 889
800 143
754 506
424 115
959 665
856 406
13 255
126 600
734 411
738 70
518 904
260 936
10 839
194 301
268 403
239 648
511 151
576 132
739 368
597 882
155 480
326 808
623 962
131 810
410 255
106 846
235 366
310 348
228 765
859 565
35 87
954 355
516 558
701 758
31 35
513 288
876 636
789 147
956 420
940 993
618 199
447 307
488 800
675 20
774 344
98 783
980 657
584 218
253 465
722 184
371 922
63 880
689 257
396 849
751 199
773 417
688 498
997 67
758 355
160 928
627 506
412 352
204 409
370 113
977 159
850 679
427 250
662 261
547 669
769 651
342 993
954 761
134 263
691 422
66 457
858 93
225 552
137 178
545 29
104 315
347 861
824 84
643 760
49 779
636 201
531 79
97 519
99 113
943 314
51 242
1 985
826 768
26 444
709 921
397 51
807 616
900 414
39 962
501 79
507 722
454 447
181 168
636 653
912 339
842 722
295 846
761 164
102 348
377 179
303 671
37 463
205 605
611 934
412 869
895 486
715 580
990 462
150 145
558 18
27 582
196 439
396 305
897 892
42 715
849 603
941 11
853 847
12 353
234 145
822 310
861 468
370 465
812 248
745 866
174 501
7 891
980 333
967 308
634 961
625 293
363 176
552 596
862 817
977 473
686 515
301 543
954 955
115 381
730 802
915 844
815 751
872 495
212 912
808 887
4 868
556 825
117 797
958 253
963 11
985 257
509 662
20 398
459 166
323 525
942 849
764 427
209 10
791 564
118 360
249 495
571 612
910 98
808 548
735 139
171 73
755 365
505 198
731 624
951 931
553 368
240 53
812 791
490 677
899 173
882 591
226 475
153 531
908 933
649 161
630 844
922 889
61 607
856 253
417 887
70 75
254 766
303 691
257 799
335 194
945 138
426 899
106 134
613 957
221 247
166 856
299 301
750 790
288 799
465 446
873 329
893 790
15 998
987 465
328 114
441 309
632 32
685 106
997 808
465 463
673 610
531 902
258 564
650 274
485 149
893 120
876 874
863 832
21 275
744 472
34 926
141 986
57 487
223 438
190 261
337 823
191 84
945 560
432 589
566 160
327 660
868 205
95 648
591 535
540 523
299 511
358 862
588 319
436 60
316 602
389 130
565 25
643 675
327 442
184 60
863 260
310 652
155 333
392 9
468 764
714 756
416 927
203 121
133 286
762 728
134 745
783 244
700 534
460 511
946 434
674 645
805 509
58 850
549 197
4 156
122 817
504 934
69 434
160 370
311 405
248 427
799 608
781 213
947 149
35 463
936 386
594 674
981 923
908 216
714 27
922 267
991 565
28 607
359 143
182 396
936 160
281 109
945 182
840 476
72 806
716 152
606 807
55 404
763 792
34 510
241 802
572 866
866 515
392 828
395 435
180 955
290 199
920 370
993 908
259 636
996 549
98 872
64 952
621 848
175 988
567 430
953 494
419 390
152 11
462 360
319 161
898 552
607 974
868 456
205 58
775 242
617 74
603 491
879 78
20 241
59 605
492 821
906 254
986 824
423 668
575 214
700 740
502 742
431 686
768 354
74 937
147 95
574 794
276 953
190 3
392 86
800 819
929 913
622 6
60 635
132 152
47 879
412 440
507 890
331 40
39 763
579 990
378 5
342 936
740 642
915 320
330 864
691 425
472 497
417 136
65 358
283 427
189 841
913 48
225 624
148 859
439 292
5 618
687 2
869 875
784 803
362 988
919 111
489 141
406 6
870 987
359 34
211 27
37 443
519 619
597 595
466 55
799 267
505 683
453 331
182 283
720 862
561 386
817 24
880 632
83 621
999 321
324 79
567 29
823 951
189 983
798 339
747 633
324 478
769 127
57 317
441 222
890 951
561 253
580 47
531 549
309 479
720 410
483 452
319 42
711 724
328 759
113 839
111 212
974 338
890 649
427 253
855 213
459 300
685 630
781 887
251 78
622 179
824 230
991 655
130 986
900 234
937 755
852 547
212 706
584 629
622 909
937 363
422 237
943 453
748 803
382 737
203 414
352 948
832 462
693 235
9 681
84 363
148 904
593 923
939 691
779 806
405 318
915 161
841 481
753 733
917 956
774 991
294 533
488 449
67 873
642 357
859 242
757 174
213 363
788 830
148 605
410 208
429 20
124 876
107 390
773 174
321 268
173 15
746 851
215 500
490 149
110 666
456 29
989 237
149 998
500 974
987 500
660 470
625 807
79 266
29 737
196 86
897 29
129 139
439 914
44 34
979 649
200 224
328 821
793 768
446 483
591 397
321 461
266 326
12 678
626 848
733 684
772 588
301 704
623 141
241 135
369 74
393 170
431 358
459 89
497 494
942 854
34 575
56 475
855 983
152 942
212 742
571 937
329 518
237 373
238 950
956 741
683 871
818 706
378 61
969 630
626 359
40 862
477 823
578 194
305 622
251 406
252 965
611 150
463 245
309 692
235 122
900 258
614 698
245 45
376 308
374 323
600 60
970 74
672 189
135 900
706 576
926 913
943 797
992 39
487 433
415 404
111 517
537 726
116 429
174 197
802 754
654 595
530 774
607 529
650 942
763 895
966 688
440 926
194 661
304 125
324 87
470 590
422 941
996 514
44 119
372 356
125 124
785 659
219 251
864 244
353 625
745 151
104 809
157 289
711 894
949 943
417 156
56 972
662 426
918 512
902 389
480 317
54 346
347 204
96 588
432 590
569 387
63 105
470 101
460 518
627 290
241 163
538 286
778 352
378 268
158 454
290 582
874 856
385 890
492 768
341 105
354 228
407 338
262 83
873 704
490 996
127 489
222 55
240 195
578 183
471 44
1000 733
199 925
990 952
887 336
709 592
389 692
240 929
717 689
187 682
618 398
648 463
72 762
948 635
628 983
539 46
376 336
191 943
529 20
148 30
600 223
529 165
931 793
839 896
944 668
345 581
552 465
41 620
941 193
407 613
214 653
175 761
490 237
895 689
884 61
64 522
484 387
746 58
106 413
49 753
292 522
167 654
208 453
443 430
105 67
508 136
769 18
617 952
580 52
342 259
270 604
822 25
839 845
953 350
826 212
645 457
21 310
315 601
65 622
102 643
765 449
342 370
213 940
560 487
473 370
81 277
554 348
826 409
590 438
543 516
639 883
929 912
89 179
967 824
74 569
749 645
756 969
26 644
333 520
526 297
41 321
882 208
246 410
378 2
236 228
746 688
904 976
722 971
83 555
14 447
425 988
635 327
763 266
545 947
318 420
843 178
370 916
683 589
500 311
482 774
305 775
787 603
330 210
39 830
292 140
638 749
32 584
514 263
930 191
974 586
166 647
358 159
505 313
659 255
969 74
55 149
112 501
295 650
81 634
963 422
709 392
547 357
894 140
676 71
474 603
29 489
885 627
599 231
225 154
98 922
981 187
33 729
52 154
589 452
954 67
224 876
444 865
266 65
886 540
305 429
586 566
408 459
771 664
242 832
85 662
341 636
879 508
845 188
24 162
777 932
850 786
622 342
569 330
158 667
395 199
828 829
584 265
983 387
949 31
915 163
878 496
48 582
88 563
604 587
551 76
772 655
644 360
63 310
895 749
757 760
48 932
53 413
434 748
441 635
609 584
807 939
412 268
434 212
127 417
997 81
331 164
467 356
729 121
820 288
622 748
596 271
245 167
924 262
61 245
376 281
713 838
783 626
370 779
989 292
135 931
926 954
247 671
73 168
197 811
292 142
775 937
605 154
20 528
535 179
991 925
906 529
944 676
616 897
671 787
28 823
840 277
469 995
54 819
599 549
242 563
387 944
707 583
712 815
619 299
56 723
733 231
387 991
977 317
727 393
965 276
159 365
860 238
457 517
336 338
79 442
119 633
818 425
16 516
402 613
864 856
480 593
906 85
301 541
462 720
307 529
329 969
950 293
898 640
557 509
194 229
360 133
489 551
878 75
42 433
629 985
794 832
33 146
485 86
555 117
133 151
860 880
645 12
242 443
832 80
448 262
840 919
325 977
203 445
645 302
223 634
374 422
636 973
160 360
179 180
515 718
406 312
645 447
795 78
65 301
728 155
573 77
114 818
818 948
144 203
842 260
628 611
240 868
538 279
978 686
779 547
905 764
876 38
339 24
608 735
355 423
438 860
849 667
895 388
550 545
348 719
157 621
514 46
128 925
58 466
538 88
442 117
944 479
180 929
71 996
954 679
748 19
79 489
642 829
42 593
405 833
121 652
452 364
773 549
552 562
96 478
479 949
129 905
911 504
536 454
684 920
975 961
688 129
691 866
138 174
843 623
929 143
497 175
794 821
778 414
310 941
802 264
522 923
890 561
321 202
543 547
33 190
901 101
5 432
253 396
599 264
852 62
731 688
697 256
75 436
994 322
492 27
661 790
64 686
79 597
740 305
833 113
246 512
321 901
654 65
359 709
491 469
386 859
630 320
139 689
982 717
472 390
550 385
734 190
558 908
136 765
801 765
877 426
550 272
114 854
210 665
175 309
658 945
382 875
808 94
390 556
791 252
136 938
163 115
729 478
426 739
297 761
889 887
510 233
457 995
386 417
654 846
287 867
189 945
206 81
779 11
121 575
450 415
585 328
414 98
452 305
204 70
948 805
941 371
543 451
385 409
774 157
579 503
871 583
30 445
858 290
87 52
414 796
107 794
517 949
756 645
168 934
777 792
764 152
671 444
536 81
800 710
565 970
986 49
843 664
19 42
147 97
575 33
796 306
542 314
740 503
883 610
198 399
401 175
95 29
946 290
743 865
874 976
951 55
795 232
874 867
416 667
787 892
889 358
282 892
685 231
198 56
506 477
779 909
562 279
619 842
17 138
351 91
615 798
194 312
732 538
199 567
719 268
131 815
360 560
995 556
268 236
474 937
805 979
300 797
192 446
504 384
205 10
396 264
332 654
224 15
277 251
371 208
813 473
651 258
963 500
410 412
162 333
163 252
538 912
150 490
362 772
254 782
202 941
295 376
78 120
23 713
392 681
654 981
876 797
716 970
148 110
250 3
615 279
385 485
59 522
775 208
800 516
428 445
346 82
536 62
119 299
375 221
124 67
750 507
328 584
976 84
740 181
759 379
815 581
1000 90
51 424
564 415
846 569
316 540
354 847
506 382
553 639
535 955
9 973
468 822
131 318
226 992
284 192
397 479
795 244
118 45
959 553
285 682
126 744
970 370
843 192
455 766
493 583
403 931
745 946
945 895
948 397
877 481
643 185
923 217
230 661
47 321
675 616
126 458
277 513
543 241
149 657
758 159
481 97
909 183
69 170
141 269
952 678
793 870
667 845
620 811
921 202
136 866
581 729
215 502
549 498
585 834
721 533
761 784
104 529
28 935
162 337
272 497
201 301
298 625
873 483
943 703
989 397
243 23
512 374
380 900
452 265
241 458
628 226
684 76
190 413
45 390
229 121
252 206
841 639
756 334
778 104
229 202
674 73
397 942
321 472
123 200
488 475
454 560
54 414
147 40
703 39
693 125
753 290
864 645
998 880
602 57
324 775
175 306
293 464
799 986
502 974
32 70
964 823
169 540
753 12
644 181
209 722
857 30
964 838
776 212
486 557
805 87
457 313
244 599
300 673
982 529
573 76
956 948
562 479
678 393
681 507
447 944
837 248
486 926
408 480
26 125
917 289
629 247
171 963
63 753
548 67
253 195
325 310
850 151
310 37
405 223
614 87
871 892
436 763
534 372
258 563
647 47
426 433
347 471
427 904
910 999
158 8
253 406
366 239
936 658
703 788
299 210
569 272
567 357
716 609
259 864
675 260
99 609
545 271
907 352
980 938
693 191
380 142
80 82
777 844
688 273
104 88
125 958
695 630
420 644
927 643
159 789
751 847
591 822
83 819
602 12
769 914
611 329
773 954
960 607
742 476
688 718
526 226
530 161
556 478
821 942
787 242
346 590
792 604
408 913
67 724
173 751
875 477
571 804
643 795
827 670
352 638
593 592
47 27
599 600
579 658
49 100
801 764
52 562
936 389
847 369
10 830
474 803
795 903
24 257
297 478
301 510
235 134
571 480
554 766
538 155
906 583
444 394
905 872
727 765
413 629
768 620
967 908
590 687
610 313
59 37
408 363
796 710
272 474
31 75
838 580
628 405
617 668
413 919
489 17
451 591
314 204
750 531
536 261
609 337
612 528
845 942
217 552
516 906
424 480
689 362
211 922
413 42
342 368
769 842
38 921
310 978
82 597
377 803
798 935
600 938
756 420
552 845
868 574
707 767
308 693
198 738
329 785
455 209
111 403
460 169
423 823
618 581
322 134
471 555
728 275
872 200
302 559
963 659
947 822
450 866
566 604
968 763
950 959
972 163
422 196
170 357
528 863
735 204
22 553
539 369
133 384
27 133
834 271
47 78
965 567
714 969
1 866
681 128
316 189
711 17
605 526
397 156
532 681
148 870
995 881
1000 872
256 951
822 925
948 712
850 107
858 929
412 797
804 15
715 604
220 214
883 526
708 732
832 976
282 305
384 122
988 211
664 521
166 419
186 213
138 336
619 393
654 696
414 445
452 112
576 324
478 804
997 796
870 26
909 700
783 565
846 252
42 903
479 750
595 849
499 164
907 125
11 128
431 779
965 463
570 401
557 245
741 360
335 763
367 774
30 916
24 164
669 332
637 56
636 650
656 601
454 698
984 475
807 194
337 892
933 696
436 64
446 147
366 385
761 929
336 180
66 453
48 632
285 869
986 18
368 741
522 848
906 499
781 702
913 469
821 196
949 319
926 226
415 1000
165 241
385 977
247 853
412 270
273 80
626 382
956 691
226 617
840 972
947 48
715 60
611 127
444 14
799 660
534 999
731 822
848 746
830 942
912 343
214 912
804 333
715 282
116 293
580 660
598 565
879 888
255 178
6 650
760 34
933 628
31 237
417 585
880 953
111 595
900 990
743 46
585 84
55 104
131 552
760 963
319 439
766 484
931 49
881 846
183 196
149 84
483 694
245 571
724 177
49 224
819 964
915 517
237 612
37 783
774 312
505 791
722 526
57 350
202 849
211 997
216 825
656 566
916 8
186 301
544 951
18 172
232 35
986 468
547 6
589 89
78 486
741 110
337 856
982 136
217 770
272 973
388 199
850 534
906 260
601 932
378 503
233 552
713 790
200 703
221 843
665 987
722 732
463 690
514 932
767 167
933 958
4 902
364 996
425 120
65 1
247 825
72 135
27 535
274 271
575 687
759 130
136 372
672 390
710 450
655 327
491 120
130 334
458 67
424 79
577 31
460 693
585 564
696 507
827 595
135 624
317 909
637 888
84 104
808 100
557 790
495 566
610 990
406 205
448 883
819 356
10 325
572 116
666 497
373 263
391 168
874 380
794 319
861 303
735 617
813 399
944 322
840 307
396 721
589 680
96 3
119 825
505 977
860 93
453 401
492 796
879 336
255 626
908 288
396 902
381 320
953 327
310 836
519 112
606 229
54 345
115 349
133 838
798 72
548 663
660 41
845 467
498 254
651 870
375 132
20 98
346 954
274 175
42 403
904 330
282 674
925 460
911 9
202 130
901 99
777 45
360 640
856 754
549 561
968 226
593 595
562 956
598 70
446 723
449 221
886 845
40 798
378 92
584 799
289 961
292 268
554 187
437 805
259 477
649 837
409 488
299 972
423 415
359 340
405 880
718 805
425 507
98 478
961 836
635 301
502 356
235 91
753 666
222 871
539 35
965 773
701 911
61 147
850 455
101 719
837 219
982 796
487 470
861 197
384 503
872 576
619 31
479 953
16 130
510 156
2 941
828 353
560 975
652 55
525 319
858 748
219 826
515 377
245 578
709 179
414 465
785 739
860 33
833 939
405 242
906 777
871 867
105 64
124 740
489 417
325 233
663 631
979 578
564 732
11 374
566 102
438 277
115 392
461 140
10 36
314 538
873 172
190 293
962 258
47 676
470 21
916 439
103 739
393 226
825 123
740 98
578 325
744 101
816 594
302 701
998 686
977 155
713 814
952 711
554 490
169 776
670 412
690 64
82 577
532 485
468 899
493 720
583 907
762 226
71 183
199 898
37 99
865 610
661 921
558 575
878 165
999 987
156 855
529 459
966 160
623 747
183 654
244 904
481 490
136 667
286 685
362 319
629 283
596 212
961 977
156 629
942 608
588 592
662 971
719 270
711 385
192 257
340 377
343 554
872 30
687 477
481 984
822 700
714 285
709 6
641 366
739 939
168 584
77 816
576 479
21 117
298 554
923 857
138 435
391 807
234 344
254 927
199 262
966 808
660 131
756 372
7 868
671 269
369 465
242 33
495 369
480 918
552 464
195 365
177 970
937 572
319 820
627 287
78 677
810 808
65 794
1000 491
382 104
215 596
277 933
117 550
597 364
599 306
468 816
530 343
89 61
256 692
956 733
232 223
812 921
801 488
514 739
515 582
164 440
91 712
4 193
763 186
26 296
744 541
378 775
535 377
637 851
504 849
856 230
529 64
520 307
257 901
184 675
64 393
192 254
376 395
375 374
551 436
473 715
754 844
386 210
406 145
361 362
132 892
397 368
992 196
586 228
490 145
879 601
241 664
7 388
393 560
339 460
286 325
971 975
770 366
115 181
206 28
297 832
673 601
164 618
103 428
34 149
785 683
366 870
797 760
357 33
450 453
582 538
659 523
272 657
204 923
389 358
624 727
546 171
698 478
558 292
240 21
405 524
281 534
963 46
211 853
621 566
33 437
643 940
419 672
575 133
65 964
708 890
655 797
216 975
882 53
479 129
66 38
164 879
790 943
178 575
548 929
347 717
369 168
78 816
191 499
85 92
692 52
821 840
346 616
531 297
672 40
601 246
783 268
201 704
22 982
994 415
230 838
99 225
744 746
799 762
636 968
515 819
623 690
311 396
79 656
904 890
308 184
629 290
350 349
978 538
210 688
392 575
433 151
362 375
288 437
951 717
936 58
519 905
160 79
562 428
943 793
667 412
801 816
14 519
127 922
830 677
546 664
799 318
893 719
658 618
382 44
662 98
975 25
687 405
67 756
908 486
180 829
241 825
422 854
633 355
712 846
751 439
318 191
794 380
941 507
484 378
513 156
806 827
902 494
797 732
909 750
769 443
73 534
2 522
778 187
487 855
242 22
684 193
579 429
447 165
858 252
234 690
532 125
293 527
351 281
43 88
116 690
523 338
318 82
671 471
540 592
937 662
227 148
355 939
963 808
677 790
394 533
941 535
517 129
403 289
338 906
400 88
933 849
716 39
790 826
97 721
169 188
299 545
655 909
873 708
892 352
674 559
115 597
334 785
939 465
66 863
531 251
26 497
743 604
66 974
969 743
723 976
481 461
122 457
505 455
344 835
930 982
128 311
294 593
64 66
508 849
434 844
383 435
910 723
321 295
576 45
480 242
886 706
267 308
491 822
658 575
842 160
71 534
754 916
261 798
211 38
979 9
729 626
604 362
951 503
185 524
650 590
577 550
245 720
858 749
70 485
974 191
425 580
686 243
525 655
619 316
680 456
516 854
124 908
91 404
368 831
510 462
225 622
708 13
72 487
471 481
756 273
781 676
564 588
25 436
930 114
850 701
941 530
217 712
17 703
103 863
795 673
544 623
375 107
364 760
510 138
773 250
498 882
156 236
284 473
782 328
89 183
452 989
290 614
578 501
523 604
356 507
986 862
859 452
922 240
576 734
995 4
857 43
39 583
31 695
964 920
240 114
369 594
867 175
596 503
778 836
156 848
390 287
770 980
728 506
75 768
973 807
176 601
566 926
127 124
53 889
809 251
97 185
740 901
373 220
525 239
692 544
567 596
415 475
272 91
735 642
222 979
52 551
932 342
699 309
244 222
616 937
818 349
340 745
34 428
64 763
375 741
931 23
681 636
760 35
872 573
870 24
690 754
283 776
784 371
548 276
896 349
271 591
986 964
699 128
977 358
670 524
390 75
907 127
850 36
182 43
358 370
920 194
333 19
305 326
392 571
154 646
640 193
345 637
417 88
973 67
846 243
206 850
232 201
693 324
401 588
717 126
703 959
651 240
780 692
765 338
77 880
703 12
63 429
946 819
673 105
753 315
271 176
772 651
935 233
773 222
540 767
247 49
134 825
273 820
860 872
592 22
709 911
298 129
691 589
442 852
919 458
338 589
506 95
350 68
633 552
316 236
152 885
887 359
620 354
801 548
772 801
536 667
44 806
942 763
28 335
781 135
106 635
749 275
813 630
891 590
782 787
141 185
804 335
400 125
793 762
866 896
500 492
649 638
62 645
943 772
340 303
148 602
480 186
227 983
176 675
268 147
415 76
701 675
336 921
816 403
871 119
747 173
505 586
441 434
495 502
182 688
521 819
816 241
197 934
788 383
456 224
873 292
974 102
632 121
940 82
483 521
546 313
360 43
522 949
457 442
404 503
560 69
906 81
245 859
87 8
270 414
538 516
404 377
860 456
589 134
4 723
498 216
651 892
122 540
817 596
417 865
808 893
111 356
934 704
575 21
595 683
816 652
708 906
696 978
350 887
706 247
65 229
851 898
342 779
477 528
901 158
697 186
578 61
908 750
247 138
847 971
578 172
986 402
517 479
924 328
675 811
450 586
217 365
899 621
575 574
634 230
571 316
20 374
654 139
343 596
662 800
752 37
14 556
187 754
334 583
376 313
504 878
430 90
748 433
396 30
537 552
684 969
499 693
170 895
45 769
748 448
879 926
563 449
559 360
980 275
286 388
213 684
749 938
680 207
245 763
305 190
587 570
276 265
176 941
290 189
127 584
419 259
579 203
358 276
989 494
269 674
977 430
116 878
707 837
470 813
219 111
627 154
664 144
160 203
815 939
690 924
342 363
474 83
519 131
480 992
262 872
764 880
649 502
171 174
826 624
781 809
582 944
566 341
548 736
554 357
826 398
510 879
848 74
441 868
800 870
23 188
509 243
726 175
983 308
843 833
706 219
502 958
873 570
994 350
646 447
886 976
78 781
156 943
341 485
551 459
119 884
729 4
97 946
648 62
84 168
156 845
196 930
801 512
490 643
143 625
883 872
648 397
559 185
887 732
19 684
224 426
956 91
212 187
674 824
588 558
371 474
211 5
874 463
16 117
386 529
608 767
202 320
577 692
64 353
123 421
679 935
6 995
339 609
257 68
598 861
968 358
287 990
349 689
831 541
742 424
581 998
177 480
897 47
1 18
267 243
24 476
99 928
525 723
618 396
980 747
177 706
472 750
676 748
313 2
21 305
464 114
63 170
605 655
370 68
578 673
778 47
105 497
769 672
2 688
233 597
161 400
108 910
42 117
540 660
687 615
378 301
380 371
255 609
731 656
949 329
274 435
291 30
619 659
341 505
730 534
329 449
443 601
27 134
139 832
947 985
895 951
382 606
242 835
717 767
334 925
335 332
27 55
65 376
696 454
936 469
19 603
204 613
501 982
88 182
676 287
35 613
862 775
688 963
904 642
447 868
619 223
840 512
822 912
35 382
736 465
936 243
748 211
204 924
892 952
889 643
954 507
921 242
595 391
745 534
408 689
422 780
349 356
742 453
873 378
376 190
659 787
767 786
694 20
524 441
566 985
903 228
270 739
736 29
570 872
595 850
284 971
637 467
651 972
324 452
147 453
202 824
573 791
778 225
115 606
803 270
55 709
538 545
355 695
855 98
15 363
622 870
313 143
996 180
389 34
459 530
811 9
928 299
588 79
237 105
846 573
399 903
522 863
651 561
981 794
639 786
298 198
697 467
455 71
296 468
367 651
246 328
47 777
393 402
549 759
969 449
147 863
308 163
619 215
947 391
833 545
463 878
506 207
238 766
313 805
339 805
843 341
809 69
114 779
107 94
970 80
70 230
871 400
212 243
988 364
662 981
765 301
25 272
15 922
474 905
220 181
383 731
526 522
810 859
163 487
120 1
415 805
993 236
499 103
619 374
416 249
861 301
590 789
726 992
704 129
917 92
614 62
798 177
984 823
515 523
695 219
863 853
789 914
702 685
480 598
308 484
176 383
770 91
271 832
517 632
223 603
295 126
298 814
371 748
959 471
66 258
48 313
547 721
218 121
497 134
960 826
902 189
885 795
134 331
602 227
967 985
310 485
902 844
6 273
815 613
855 868
199 256
542 374
599 355
655 61
434 403
679 139
441 553
28 31
948 52
409 980
549 747
696 49
487 664
751 533
166 181
549 493
578 173
411 62
520 78
628 426
728 241
212 450
400 188
808 329
169 497
847 200
156 665
405 101
3 118
683 648
250 739
209 698
54 583
252 707
58 522
184 833
249 925
876 270
932 8
236 749
408 484
425 586
338 323
130 177
707 665
142 635
732 252
384 268
746 960
124 620
271 529
879 748
737 259
813 174
962 744
353 407
68 123
324 397
904 1
312 461
310 168
721 791
538 839
873 108
600 692
628 194
261 269
358 631
968 775
256 131
719 602
557 331
760 681
997 132
781 983
718 229
68 680
697 184
866 306
299 500
958 692
711 555
199 343
401 420
673 16
160 205
142 973
513 719
493 967
189 334
393 345
303 314
832 284
934 488
778 588
907 800
469 159
951 879
203 463
428 360
250 46
985 177
14 421
252 624
94 119
832 268
260 813
778 850
735 906
666 655
593 997
789 442
942 304
579 662
965 881
787 581
610 96
205 828
614 600
10 826
227 560
999 150
467 1
348 772
206 414
995 567
338 238
232 885
563 987
624 283
438 829
772 874
986 340
763 672
400 868
528 699
614 277
172 504
745 458
926 657
84 732
12 337
489 132
515 378
954 198
112 685
775 948
232 418
200 64
997 885
655 659
747 402
695 146
959 265
319 174
289 911
930 1000
43 152
560 14
854 672
466 545
627 486
158 30
793 440
647 301
689 584
228 123
284 309
525 849
563 542
712 296
237 243
937 709
935 118
991 657
811 44
595 757
200 464
303 504
463 340
337 566
891 139
621 286
108 759
380 396
588 169
569 376
40 623
939 273
85 161
416 946
866 438
403 684
777 479
248 641
579 967
621 64
843 74
421 48
62 290
123 304
108 36
350 505
652 515
635 349
139 720
35 426
439 499
849 939
829 117
799 589
362 314
805 252
631 702
905 686
466 268
231 12
143 874
311 148
813 306
541 835
475 407
420 316
439 112
245 257
690 398
270 966
162 727
415 251
281 195
779 332
138 348
406 984
710 868
15 950
417 387
761 356
5 843
157 449
950 134
736 30
315 669
979 754
263 213
380 260
679 14
149 286
190 490
746 314
384 597
824 544
608 183
458 802
800 840
315 635
138 931
836 463
345 492
787 261
716 677
73 957
129 339
258 793
319 928
746 476
103 841
17 626
518 6
150 922
544 653
599 233
450 928
214 73
716 500
610 642
332 444
545 21
235 587
308 437
146 56
144 283
815 422
698 926
861 418
625 80
554 436
4 61
82 110
377 383
764 381
786 123
346 514
166 281
481 297
833 60
762 906
642 19
691 394
696 372
201 698
239 982
554 894
796 215
304 701
70 980
507 746
182 690
739 151
23 70
260 628
931 761
179 892
884 703
666 374
540 323
46 12
819 268
92 346
884 814
206 55
624 291
608 696
438 229
594 903
496 950
480 43
30 938
301 83
267 463
549 509
883 415
280 882
484 498
265 761
158 887
125 480
551 708
328 94
104 677
823 912
880 746
37 779
186 471
209 573
388 655
710 610
876 894
203 696
957 795
519 8
561 786
765 18
693 309
445 588
686 634
823 923
843 633
937 652
111 241
152 360
1000 44
711 582
441 846
43 910
318 4
412 217
585 657
308 26
960 985
902 988
463 702
14 172
553 606
706 100
79 764
271 436
404 636
282 927
800 80
749 467
696 161
862 242
700 761
339 867
243 914
340 248
625 350
316 97
729 200
839 887
134 1000
817 348
227 535
672 376
982 901
25 752
917 586
717 288
980 174
287 198
805 773
202 298
248 228
533 104
2 965
921 169
150 181
119 900
944 326
234 106
387 914
259 73
210 243
232 583
766 4
548 223
883 232
974 209
723 339
210 130
972 530
275 706
629 901
998 378
46 599
766 230
58 161
702 590
423 91
979 539
530 839
108 863
732 289
271 935
113 695
475 776
648 646
454 646
648 533
886 645
854 359
947 515
248 278
397 606
534 949
833 440
483 227
526 965
158 457
532 350
617 402
253 539
198 421
604 696
365 140
114 652
995 237
812 973
62 180
266 268
437 944
386 674
423 765
155 99
943 506
891 957
170 760
622 315
143 706
442 765
922 643
151 215
880 57
933 1
717 682
924 324
446 896
72 737
605 393
827 627
781 805
5 911
406 796
502 491
588 552
348 773
3 226
166 658
154 122
664 508
175 416
633 34
279 454
215 452
141 417
558 178
59 56
187 111
885 380
836 784
429 486
965 180
419 336
576 381
315 259
906 674
504 328
231 687
140 859
789 443
519 434
336 641
779 1
546 268
54 31
257 319
224 822
9 398
323 42
362 716
129 869
190 350
651 984
52 411
694 990
347 289
721 270
29 117
102 533
406 32
113 812
768 586
982 180
781 438
119 99
946 669
503 192
531 973
678 812
402 107
520 346
648 879
226 871
925 349
541 365
209 652
491 294
933 195
334 880
117 352
796 93
249 280
123 307
344 4
382 604
887 377
494 846
944 883
173 607
959 640
728 170
35 514
329 289
883 838
644 936
519 812
4 271
937 281
503 693
821 865
329 178
205 991
499 766
351 609
465 562
905 685
232 963
356 905
782 677
785 135
344 977
255 133
499 82
633 77
460 991
118 647
999 10
268 234
701 267
733 506
414 279
510 188
353 871
409 949
737 255
258 81
361 428
687 840
586 863
202 580
591 226
313 605
956 445
211 749
798 456
533 893
802 791
237 658
367 499
884 143
133 599
284 965
431 790
90 998
486 487
876 795
43 374
206 806
655 615
986 330
306 968
258 871
622 345
694 954
695 407
110 173
194 623
206 704
264 839
600 907
242 172
885 950
651 229
198 707
697 96
536 802
350 926
281 969
658 269
489 878
790 886
900 210
319 534
434 380
754 309
900 97
95 127
929 663
217 229
292 343
350 75
795 202
390 1
507 512
903 864
298 698
363 93
603 358
648 327
922 874
72 569
490 360
533 660
923 969
595 327
444 361
463 63
727 834
777 610
715 750
37 502
538 173
150 63
425 620
889 215
432 304
395 132
682 257
130 171
225 239
486 214
215 396
839 726
183 82
663 356
797 978
324 4
107 668
845 998
955 472
115 185
958 326
637 27
675 59
626 535
499 135
872 683
307 722
964 91
927 849
396 927
626 614
917 203
59 703
45 384
608 340
919 950
427 64
788 207
502 542
477 52
996 170
267 616
234 749
53 183
517 792
60 725
171 212
464 346
86 33
493 993
446 425
394 716
17 383
554 430
715 308
705 778
339 628
691 715
247 596
19 326
402 194
166 171
630 460
463 991
579 926
486 596
565 351
549 890
572 461
184 502
565 448
970 144
112 104
222 253
792 868
784 724
487 203
288 515
847 667
153 907
726 556
197 434
686 785
678 387
849 771
558 853
151 257
407 891
908 188
838 69
288 737
236 751
899 451
81 554
637 597
267 413
430 827
676 55
206 162
392 954
479 139
793 102
791 439
816 257
135 51
11 993
283 836
340 915
953 616
720 685
371 63
957 796
466 793
177 330
567 93
608 18
305 42
81 246
389 309
690 520
569 681
204 117
521 526
578 553
405 955
485 237
508 66
241 377
788 427
632 374
579 401
376 692
972 832
702 425
302 734
912 923
12 977
604 923
158 756
492 477
172 527
142 979
997 475
644 369
39 377
504 621
596 650
463 669
69 758
975 504
325 668
626 417
661 686
367 717
995 236
1000 694
194 277
456 852
863 45
425 95
818 670
451 987
714 991
635 435
429 912
710 291
991 286
335 282
856 51
344 839
566 950
255 19
554 966
629 258
79 993
600 56
925 813
585 932
412 896
16 473
328 475
28 23
233 450
178 325
607 492
231 968
567 786
642 71
241 840
936 824
435 15
228 594
410 387
548 109
987 391
657 900
920 460
495 164
228 545
158 844
362 811
366 947
978 209
228 944
334 771
711 965
272 590
510 498
976 946
195 86
877 622
480 528
962 492
85 619
439 752
116 611
100 424
483 288
690 782
289 239
806 404
493 135
185 430
32 311
51 597
547 632
142 828
186 960
208 904
134 416
393 234
56 44
522 777
191 422
123 468
654 60
990 866
428 939
440 116
677 380
970 502
570 652
40 911
391 883
105 963
183 532
455 275
313 782
26 465
615 561
340 49
322 580
400 134
421 272
566 914
718 693
455 561
538 295
923 355
118 789
598 547
306 163
681 309
478 637
349 997
541 833
357 628
220 172
233 136
849 740
980 342
72 843
805 941
372 134
578 522
128 860
556 372
153 447
561 10
745 309
470 910
328 947
295 369
922 493
684 232
238 423
868 644
851 430
873 42
727 195
820 551
893 55
72 263
932 917
338 722
190 379
176 293
927 914
972 825
21 707
258 791
578 640
39 792
927 547
346 972
509 528
340 807
740 188
560 266
688 479
346 895
61 327
632 426
105 524
934 423
442 993
593 359
960 622
429 677
397 327
305 925
66 784
622 773
660 546
847 608
575 689
688 795
672 112
446 639
655 361
550 113
330 28
478 172
745 955
65 345
142 455
71 295
511 44
62 574
162 932
233 488
205 962
44 576
227 586
727 861
253 982
749 561
110 833
884 808
187 456
802 743
602 821
732 868
14 991
550 573
954 410
661 452
46 492
966 333
871 486
352 215
376 221
799 103
236 706
345 786
417 429
384 475
348 131
647 179
634 612
688 494
418 49
970 610
537 61
866 713
614 61
746 141
655 725
802 378
531 584
125 177
271 845
25 627
501 802
685 350
472 600
522 28
601 573
263 622
512 26
204 6
632 569
623 261
119 42
670 334
855 982
21 139
108 313
470 304
754 199
38 20
792 472
702 127
668 187
320 297
230 876
800 995
285 613
930 817
342 894
160 38
575 324
687 894
890 374
678 87
662 584
518 556
353 256
649 851
209 868
818 842
856 425
185 623
139 538
819 76
514 482
979 274
562 470
466 323
50 2
508 842
804 367
862 445
809 311
738 247
896 733
568 554
552 111
577 684
740 808
304 264
322 961
141 443
73 477
534 178
40 274
116 37
64 648
698 955
106 430
327 842
474 650
182 75
111 851
681 952
353 543
483 728
395 286
509 916
699 204
626 767
66 870
48 506
471 472
312 447
129 799
738 797
910 921
119 643
877 174
81 407
232 5
33 84
143 155
219 257
789 661
902 708
795 728
902 156
261 44
523 329
172 633
66 404
947 517
285 182
125 951
610 729
493 51
95 771
725 760
234 849
843 837
699 761
848 221
134 596
490 858
661 685
485 817
903 901
958 368
265 741
734 283
2 496
877 319
614 893
631 945
212 481
433 468
679 543
536 727
352 740
244 946
482 891
230 709
713 483
643 246
22 209
997 899
408 549
410 127
874 440
965 783
641 969
272 116
736 457
218 976
681 472
611 923
261 904
541 892
567 653
286 597
651 385
300 817
432 505
783 848
491 934
699 413
537 298
311 83
6 999
580 392
193 816
159 15
197 856
988 117
284 844
695 126
662 365
646 678
498 344
851 292
871 921
620 671
974 666
314 326
196 650
87 95
125 136
896 148
971 744
163 951
132 590
8 628
579 511
419 750
739 741
975 941
105 501
531 753
953 71
534 996
129 63
748 764
730 915
90 498
165 484
683 107
441 644
54 628
389 236
601 998
527 394
288 17
161 261
697 443
644 342
847 873
683 248
649 56
12 888
652 841
553 660
282 930
565 947
847 911
792 703
833 85
450 543
308 609
516 78
39 979
601 418
343 877
575 626
801 805
302 242
948 544
218 773
939 879
706 622
620 168
469 756
326 807
37 464
165 747
409 153
192 263
871 505
754 895
253 903
111 580
24 576
334 349
462 150
260 500
20 756
59 70
171 211
797 972
954 217
921 16
922 379
45 248
599 243
582 417
534 139
183 366
873 408
106 265
768 796
492 866
115 897
64 781
67 126
91 100
777 979
871 611
30 385
755 186
350 610
920 997
831 241
733 14
940 659
824 257
186 626
872 873
595 658
997 298
521 181
402 58
846 513
136 146
9 100
824 95
381 838
240 294
592 11
664 528
446 258
194 299
178 996
549 755
950 914
89 952
304 850
912 529
87 645
825 484
188 316
479 367
565 490
913 121
787 928
37 1
437 871
758 501
481 415
45 630
866 615
343 881
623 789
239 832
759 126
666 706
539 937
528 751
356 984
529 58
322 728
880 210
943 375
791 94
466 495
691 218
878 812
992 875
352 394
207 4
727 717
103 119
196 299
359 201
785 498
564 947
187 56
483 961
157 640
374 910
509 173
846 276
352 232
229 318
727 531
379 641
198 303
384 211
955 172
82 464
689 120
157 418
548 309
806 785
93 752
333 161
500 758
276 407
788 491
699 784
846 161
149 319
778 129
577 214
103 648
676 544
163 591
782 34
264 662
301 677
73 862
21 742
268 639
302 797
378 399
161 483
882 47
986 241
437 647
994 708
132 203
61 763
977 914
707 313
601 990
855 977
288 89
824 123
255 549
681 144
868 332
329 524
888 797
43 574
562 610
984 240
213 130
514 705
938 811
807 688
406 267
578 216
982 702
160 353
930 861
18 771
517 363
726 691
468 167
566 936
666 294
282 47
446 890
107 62
125 241
757 136
942 506
230 312
982 779
35 314
76 918
269 159
704 187
264 560
631 528
211 477
893 713
140 999
567 776
549 269
510 107
461 861
193 811
289 532
789 367
348 241
21 213
921 95
689 11
449 814
291 371
989 376
612 917
742 16
409 796
572 695
591 341
370 379
869 147
172 197
944 54
447 461
323 51
25 989
244 961
489 744
842 812
773 494
205 156
354 694
924 611
621 532
392 340
933 744
77 930
329 893
91 842
111 391
632 598
320 616
419 650
104 239
303 337
739 513
311 810
510 995
186 925
351 37
243 676
658 339
576 829
147 810
259 292
811 371
687 684
304 907
137 477
507 984
592 354
672 74
620 272
765 857
895 926
911 677
734 280
862 237
147 520
575 712
692 820
197 370
307 462
844 735
776 327
943 229
657 68
412 190
109 567
327 249
808 71
824 294
366 982
461 543
657 358
396 398
326 843
111 547
793 806
900 526
188 808
893 749
969 37
712 769
179 708
864 354
497 693
561 492
210 979
339 394
927 245
362 809
932 669
690 457
353 570
172 26
48 8
581 882
656 343
785 885
497 919
82 299
375 978
142 625
822 23
533 96
671 89
573 895
480 530
689 354
854 676
660 101
608 286
517 956
664 96
404 283
834 720
907 644
488 396
894 564
627 411
78 545
462 896
835 166
34 667
402 983
725 667
726 204
907 610
507 134
273 834
906 391
277 906
351 25
759 396
66 155
229 637
583 866
904 242
859 474
91 628
511 839
826 565
230 821
302 422
378 8
530 253
680 530
296 283
597 116
654 42
801 438
804 627
382 579
112 35
791 855
305 684
947 77
2 324
813 524
889 478
892 727
596 744
986 668
182 581
443 939
540 379
396 35
658 906
974 592
23 796
46 375
724 127
600 133
839 606
219 625
680 253
558 2
836 992
174 267
704 274
392 884
271 548
134 298
879 288
593 714
216 950
988 888
275 767
77 183
843 684
707 768
543 430
68 974
198 917
141 902
147 313
354 655
850 776
462 706
564 558
266 425
711 713
697 139
492 513
823 735
480 941
854 307
717 201
973 351
521 294
446 33
674 796
218 128
699 691
702 246
760 610
924 852
749 418
587 690
125 751
155 270
653 515
467 528
98 91
787 197
195 828
853 76
800 72
928 125
105 812
434 202
865 534
994 498
961 251
264 277
608 233
749 380
148 914
937 114
204 567
815 75
553 34
848 738
5 947
524 741
729 353
72 572
490 343
509 473
917 562
809 217
719 378
25 362
357 517
139 478
925 787
643 94
165 654
465 317
887 854
763 876
267 451
417 562
127 717
721 524
858 687
91 308
474 692
955 175
64 425
229 398
416 489
124 692
729 846
988 941
36 482
718 194
336 332
637 498
231 577
641 109
286 686
974 411
449 540
34 910
180 351
533 408
789 782
721 968
519 149
152 509
264 663
54 304
733 673
595 617
648 637
462 585
543 672
985 668
136 578
716 340
254 751
639 940
511 569
77 671
83 798
7 756
247 19
857 331
492 154
511 654
882 782
304 992
818 761
800 84
965 614
469 375
703 482
924 461
175 197
700 356
939 942
943 192
247 599
123 621
107 160
217 480
770 918
610 89
421 726
559 16
246 205
28 472
359 14
130 104
710 119
88 482
434 818
555 946
810 692
447 520
857 486
914 763
20 574
849 546
22 388
451 346
974 402
555 848
871 29
22 45
181 414
642 128
845 903
816 478
723 343
64 936
662 310
191 304
480 9
505 827
452 342
24 117
67 57
656 522
363 926
489 751
916 52
294 448
849 127
759 532
941 551
507 415
308 164
254 696
119 957
202 673
137 20
602 192
307 996
147 79
829 567
11 886
703 66
602 115
360 890
878 476
75 465
717 866
789 629
797 138
599 258
213 67
797 310
521 531
218 491
695 879
134 741
696 210
326 381
517 428
82 202
333 891
869 921
749 435
93 399
536 682
114 618
957 38
939 615
135 686
930 894
213 100
62 613
467 151
567 728
102 4
301 356
467 4
326 825
679 895
649 696
31 796
527 699
287 166
629 33
776 565
462 184
968 82
107 315
568 951
254 62
876 525
609 398
774 478
504 332
766 36
732 76
326 645
755 789
270 696
717 369
612 537
59 651
970 496
279 902
276 248
370 239
324 405
108 959
751 39
879 82
935 412
557 426
320 855
446 187
786 588
255 777
309 225
95 720
790 608
315 816
213 261
512 196
416 233
184 117
223 188
726 205
273 833
421 217
42 14
377 757
786 129
949 339
296 397
739 163
782 109
490 975
459 888
189 79
370 129
123 311
530 13
791 851
127 303
946 319
138 999
819 25
359 368
574 483
865 491
847 687
596 365
210 736
247 86
247 543
175 354
312 526
969 277
976 891
401 740
763 613
50 485
737 898
348 741
612 776
595 284
892 950
918 40
64 323
391 232
509 135
42 874
594 815
747 748
620 991
718 372
22 319
633 284
854 884
581 964
139 113
512 757
868 867
968 23
225 530
357 53
820 691
949 977
988 889
312 394
241 548
760 776
542 832
217 531
289 942
220 642
24 173
632 322
685 840
851 544
765 506
215 921
327 707
186 721
152 273
302 775
983 404
8 721
722 606
850 555
561 548
891 317
123 151
394 581
893 391
307 988
19 80
406 912
65 786
82 848
229 527
98 360
308 434
237 500
701 421
216 273
235 735
587 258
437 579
386 15
260 204
208 661
65 60
798 580
633 904
127 426
74 290
722 930
123 723
364 159
187 638
541 623
869 802
304 690
411 374
109 62
654 476
926 790
583 133
698 721
770 802
718 660
511 190
978 705
942 476
480 168
106 772
303 491
788 962
218 918
757 35
712 636
451 464
732 871
119 217
272 205
184 905
352 939
279 522
410 683
742 144
107 259
267 83
305 228
659 821
570 344
92 228
79 286
530 954
819 975
345 640
876 740
241 631
173 939
390 46
211 639
16 639
2 574
132 625
46 48
336 476
688 1
270 483
42 642
669 295
708 211
324 708
773 281
265 459
152 365
25 737
190 229
678 654
916 375
748 710
143 422
293 373
995 359
597 423
309 620
701 653
243 687
169 840
132 68
26 707
852 587
669 875
583 805
342 893
456 828
483 124
633 604
260 160
498 663
636 849
951 950
221 661
459 768
316 143
264 306
691 493
286 819
251 418
948 452
843 230
809 26
198 126
516 151
629 298
630 29
11 601
800 418
480 238
5 807
1000 87
140 18
841 235
84 506
211 479
509 222
475 466
420 369
461 859
482 728
943 519
182 223
789 365
183 178
7 480
391 65
672 825
379 687
577 892
638 71
591 343
738 604
340 893
626 902
850 830
924 729
492 571
150 869
872 425
566 189
846 479
474 205
49 976
977 210
280 446
446 111
613 496
657 732
51 637
18 270
118 423
817 762
537 14
401 303
630 514
740 454
217 7
806 217
221 983
540 941
395 349
48 871
857 215
383 355
843 932
717 579
902 735
730 510
625 236
473 847
368 853
792 725
886 245
129 809
688 806
212 492
966 189
662 730
187 678
460 722
981 272
11 581
874 423
250 381
592 420
550 670
678 419
662 804
476 207
351 665
452 864
128 598
595 496
101 583
176 866
125 321
201 177
422 684
188 921
648 594
805 518
898 360
646 522
921 57
67 361
340 947
105 79
470 977
399 479
147 430
389 277
660 240
608 161
211 216
630 930
521 558
318 276
146 669
665 719
168 913
7 904
11 461
507 442
574 692
588 400
793 441
907 535
820 953
596 192
846 552
209 485
490 810
566 443
660 820
554 467
759 398
946 617
971 134
39 750
132 28
830 207
869 555
375 310
360 629
179 475
525 23
758 381
740 728
632 961
91 802
277 731
117 284
373 51
799 587
606 962
662 849
921 473
583 508
74 195
832 955
886 354
559 440
376 487
861 32
129 367
476 66
205 572
277 159
281 84
982 812
893 655
234 28
841 12
96 85
461 716
529 927
694 371
681 612
811 565
426 605
524 150
694 226
533 160
964 108
91 456
517 764
3 814
979 617
428 289
232 162
162 683
73 982
243 290
228 182
379 290
879 113
955 577
910 711
768 172
290 672
863 685
521 292
775 491
320 547
673 97
656 881
416 246
324 903
971 324
898 978
811 415
61 724
662 25
212 608
288 48
513 521
865 842
437 721
288 940
846 695
227 37
378 187
51 339
568 103
56 462
127 452
200 875
69 603
291 593
83 186
356 741
31 659
898 134
919 160
815 115
304 691
96 26
880 70
448 264
922 887
260 626
836 657
818 900
697 769
865 359
741 796
463 58
805 875
80 924
634 287
509 7
649 133
89 994
348 121
899 379
900 960
760 361
874 145
395 8
604 298
1 177
956 495
794 510
941 125
279 634
50 606
896 386
914 951
941 398
597 226
980 596
451 158
487 580
722 255
941 287
910 790
656 657
592 543
371 353
831 304
911 929
910 897
824 728
881 567
39 157
155 928
191 38
894 739
418 414
241 289
459 374
468 520
655 868
693 209
324 596
823 594
916 368
28 245
223 358
445 808
228 392
893 426
566 496
225 545
493 988
413 791
649 484
961 255
85 242
912 850
51 318
470 308
167 492
706 126
619 707
782 187
179 482
622 954
308 262
187 959
834 218
340 151
45 337
273 42
75 226
666 515
297 188
755 784
887 323
209 856
734 468
469 486
752 206
398 930
862 135
437 888
512 298
748 696
528 703
247 593
675 928
396 135
269 911
697 940
438 526
169 267
957 482
781 52
676 350
89 732
879 817
280 519
667 181
10 656
603 819
984 303
698 613
519 785
741 897
300 841
373 269
415 40
219 955
456 471
701 639
849 544
814 934
653 348
785 620
658 200
291 487
817 433
166 933
116 80
779 394
564 940
894 67
716 807
399 597
590 888
439 852
231 534
253 58
349 583
214 463
163 619
401 738
935 357
883 12
178 8
850 831
834 600
683 357
389 466
594 317
637 246
341 937
143 231
237 776
596 945
37 484
105 301
751 995
76 25
848 66
497 52
553 809
652 978
583 746
344 353
346 819
530 725
338 899
320 687
220 514
810 21
9 818
730 332
388 822
878 316
937 174
630 301
888 828
649 226
47 44
123 666
434 99
862 99
627 794
847 725
259 84
723 987
487 234
383 469
296 850
373 207
619 235
303 756
323 596
952 762
663 84
685 508
244 860
870 952
902 781
714 412
182 445
487 999
7 289
193 667
15 810
733 1
384 368
223 951
222 542
577 573
337 304
513 469
58 506
331 898
297 886
262 256
881 467
777 197
1 106
185 702
171 710
119 644
190 18
665 560
538 674
958 619
741 377
300 369
371 295
158 83
108 810
994 839
370 237
730 893
626 826
309 126
534 521
759 762
696 692
535 906
114 121
393 156
412 232
802 288
531 866
643 892
271 167
627 269
792 374
830 402
748 527
431 301
531 979
273 839
577 558
956 604
78 710
502 914
497 717
306 419
74 701
648 795
331 38
646 403
904 78
43 746
193 25
194 370
951 840
682 463
218 751
2 464
511 934
299 802
999 973
692 779
808 264
724 420
728 95
306 537
792 565
496 675
968 748
242 468
836 717
908 242
808 38
37 476
870 932
948 834
284 895
19 942
279 480
173 29
76 808
408 249
495 854
449 890
214 698
675 436
721 694
813 94
799 31
608 96
571 84
20 982
438 429
920 348
78 68
741 268
854 997
232 276
112 942
205 127
449 565
232 163
488 205
472 722
974 301
565 784
414 868
56 768
114 10
29 83
909 307
57 154
259 562
669 99
781 873
195 740
566 277
218 143
754 77
536 808
935 224
403 499
370 336
246 721
613 276
473 123
718 957
385 957
333 991
523 627
69 713
808 567
518 682
538 853
86 360
605 696
866 196
624 926
701 611
678 191
572 406
539 241
64 229
400 327
356 885
640 834
553 39
993 312
353 217
156 572
371 815
326 244
292 44
507 550
830 548
154 13
652 316
176 717
980 783
969 384
309 943
255 167
922 22
672 561
638 508
602 830
135 776
387 558
477 395
595 24
609 739
376 226
231 668
767 830
953 598
935 610
74 327
888 125
210 153
600 561
654 786
583 194
684 830
147 489
8 929
561 779
217 621
966 770
401 662
699 901
42 640
115 330
851 574
302 950
848 287
935 422
4 708
920 965
406 848
557 496
885 995
284 372
347 412
494 349
556 808
868 106
194 105
342 145
592 92
720 33
333 626
906 410
449 93
820 68
363 499
254 640
703 265
563 410
663 60
734 657
844 465
999 341
387 144
473 366
652 668
982 323
910 28
415 582
680 749
165 107
374 435
819 34
985 206
240 947
477 954
21 524
499 926
874 574
365 197
876 96
783 564
805 44
454 394
831 63
724 476
836 758
446 894
843 454
899 440
791 126
650 894
447 932
124 791
562 456
71 548
554 375
918 103
516 450
427 568
672 605
538 134
349 307
921 178
336 638
460 150
837 14
909 945
388 203
310 390
556 426
940 777
353 673
300 104
926 716
547 185
56 764
419 266
51 899
693 624
414 115
493 490
419 411
93 720
171 362
119 592
525 579
214 460
875 514
949 791
594 422
817 397
379 380
327 756
788 122
437 84
100 434
465 712
267 573
198 867
147 227
755 374
132 373
157 690
372 814
304 202
803 556
255 999
955 761
960 909
212 554
877 968
703 220
552 416
194 508
536 911
170 867
709 800
195 986
696 213
791 734
723 764
126 733
507 589
992 747
352 522
45 553
815 69
31 618
669 909
107 240
416 763
127 253
194 697
615 664
166 937
321 690
400 47
623 841
59 482
64 92
231 224
325 107
788 789
71 635
577 274
580 727
83 89
563 803
693 912
505 303
123 872
163 401
384 450
850 333
483 908
245 309
585 136
161 689
832 895
266 192
580 501
323 868
508 440
818 401
858 610
72 51
461 95
427 851
147 432
192 873
803 285
471 507
186 377
314 212
265 755
245 794
484 102
124 477
489 712
842 844
668 564
172 971
562 568
690 776
217 726
897 482
42 491
906 368
393 131
602 163
587 573
18 368
547 62
424 551
212 590
963 782
916 664
442 482
748 927
38 81
901 221
191 573
428 929
209 862
496 468
130 747
931 354
260 890
360 646
911 645
661 942
810 296
634 180
597 32
672 473
361 968
38 294
87 962
580 789
268 387
568 649
827 916
574 419
278 108
282 99
933 256
3 199
991 542
775 605
207 47
689 996
759 621
69 74
533 603
865 59
149 866
222 616
44 376
941 134
118 521
766 357
895 323
788 527
292 894
222 763
191 859
870 135
332 650
91 300
382 509
810 910
997 768
689 87
638 50
950 158
612 937
993 953
522 433
261 427
816 94
600 709
267 790
984 804
181 324
453 751
916 137
366 192
320 1000
802 240
609 762
308 232
716 733
929 246
333 363
584 311
588 487
423 894
402 55
665 971
632 658
544 756
891 175
485 658
273 802
492 178
673 214
193 75
601 886
251 189
622 924
435 50
570 571
165 229
957 137
192 781
65 49
16 457
35 713
416 837
182 872
34 808
222 121
743 521
134 819
142 350
970 359
199 859
493 570
316 351
593 916
601 385
231 330
838 438
549 929
145 411
454 431
168 68
188 31
943 153
354 461
571 582
53 931
554 920
871 395
818 21
18 589
171 837
44 461
266 979
837 152
586 152
183 58
6 529
558 34
742 271
762 441
894 218
822 663
624 426
534 27
694 767
1000 76
23 514
263 652
728 632
675 83
949 528
879 723
958 710
105 116
323 973
435 987
223 684
573 705
578 941
512 323
551 546
664 761
962 447
896 81
200 382
898 739
539 939
337 827
260 406
474 244
256 303
170 237
501 733
526 582
748 690
233 651
610 719
811 108
641 409
613 936
190 123
82 928
346 776
997 474
866 451
808 645
204 226
901 132
482 412
869 528
87 567
454 862
196 411
886 893
62 275
869 609
356 564
515 687
722 901
9 758
329 592
527 796
700 352
956 986
95 382
549 69
677 16
487 81
24 927
995 514
266 612
304 447
845 720
59 167
44 433
245 336
13 480
418 794
571 320
720 902
992 251
903 257
392 929
176 968
413 533
965 216
890 316
197 878
76 881
404 200
102 37
159 166
453 389
8 37
150 431
196 119
671 27
750 512
141 744
38 652
174 662
538 844
462 284
817 307
90 855
91 50
533 87
440 378
537 140
834 598
372 521
64 842
964 309
396 777
181 45
38 622
555 272
519 245
15 426
146 711
437 452
170 193
405 678
160 855
289 777
20 599
796 316
82 900
856 591
188 310
360 894
640 336
199 223
455 113
683 146
976 408
189 325
65 223
639 733
565 154
772 452
848 866
54 236
808 496
224 404
463 952
246 56
818 665
981 59
711 102
35 641
240 65
277 708
66 965
586 284
312 573
782 933
79 889
409 357
136 747
174 935
487 228
571 529
74 91
757 920
41 786
346 253
953 977
1 428
432 820
796 565
322 908
344 620
669 594
257 843
797 881
436 804
607 634
994 202
519 644
544 880
852 371
947 651
822 351
895 319
589 576
210 207
346 447
431 580
534 434
458 857
123 639
549 524
245 967
340 813
768 822
693 233
148 88
497 906
306 907
686 472
79 829
676 534
38 571
540 289
94 774
336 423
142 754
910 639
161 76
237 857
347 313
6 261
459 419
332 179
793 391
426 184
134 377
391 618
68 757
76 168
702 332
797 72
747 969
626 26
609 808
333 680
635 808
119 123
856 555
963 753
982 63
624 519
731 381
274 22
294 93
920 732
563 420
30 619
731 746
289 435
109 210
490 441
754 265
611 400
4 66
1000 665
515 598
553 303
915 336
754 408
155 600
986 583
53 684
235 205
221 730
832 353
795 151
500 407
710 262
843 163
903 645
911 129
736 636
476 319
370 790
935 593
212 225
892 835
383 344
975 132
227 932
175 588
857 541
40 321
97 400
461 655
945 194
15 776
487 383
976 728
831 682
245 697
980 460
660 450
534 495
824 227
67 635
386 407
81 789
367 507
115 82
300 448
102 892
820 703
984 805
91 461
366 193
385 326
601 908
479 610
9 466
427 975
979 618
15 716
141 897
418 262
203 612
739 694
996 303
82 667
512 390
215 917
112 759
39 75
962 378
564 237
600 915
454 710
19 141
556 838
80 527
401 347
792 395
76 35
351 491
78 689
332 508
883 207
765 585
967 781
489 854
471 962
611 319
518 281
223 45
995 220
227 38
269 466
144 530
169 225
501 316
673 305
506 98
986 936
152 591
189 111
84 136
550 104
892 641
940 803
258 219
631 740
762 117
266 766
818 899
875 190
16 393
715 265
607 271
471 204
377 683
948 689
291 238
258 509
130 590
353 953
67 631
35 149
589 806
24 674
680 598
723 96
462 244
482 654
231 777
624 427
71 864
404 821
462 103
390 256
784 315
328 71
241 666
663 749
703 512
787 769
983 880
305 361
953 453
71 902
832 555
488 156
337 937
889 644
797 494
781 937
68 702
52 347
414 838
281 157
319 975
267 608
859 202
436 41
347 414
655 318
851 798
927 669
569 81
921 765
133 152
463 641
57 918
209 691
502 41
919 483
668 33
725 432
502 75
433 592
630 375
654 903
819 36
933 20
93 471
455 720
5 513
245 140
853 333
191 810
899 45
230 675
16 501
329 114
886 318
597 825
945 296
412 811
288 761
291 138
419 65
852 489
507 358
395 216
767 254
720 903
790 35
168 494
49 93
379 818
451 321
894 247
453 499
954 296
523 159
279 667
817 80
729 828
1 3
665 36
730 578
380 847
129 231
917 134
851 510
615 361
911 476
992 312
389 334
797 321
472 652
733 623
591 625
872 429
636 350
393 20
682 938
640 51
436 926
552 863
226 630
354 547
134 301
719 563
674 238
267 652
507 3
950 643
664 296
313 318
388 168
961 378
997 364
621 304
146 486
256 554
609 892
578 485
27 361
892 261
195 591
34 440
53 437
881 28
150 815
749 153
943 588
734 371
259 443
667 342
136 398
778 965
235 808
986 608
470 374
647 630
939 602
905 478
766 947
344 160
670 155
259 89
29 49
948 587
507 685
844 548
443 901
245 17
447 885
861 26
657 463
698 602
210 795
581 312
931 777
845 755
535 155
652 85
267 433
677 640
624 356
509 254
144 436
743 101
681 524
937 595
471 151
1 111
111 892
93 641
388 697
376 907
214 639
487 905
612 518
115 486
472 761
586 661
381 375
647 406
890 787
907 301
266 447
968 813
114 229
868 974
261 248
9 151
906 239
599 110
384 567
437 295
389 68
137 59
782 421
432 745
761 768
803 606
803 231
911 112
915 117
592 38
421 196
557 728
155 312
29 287
892 297
151 942
238 911
170 343
299 633
212 302
673 276
715 177
74 267
905 361
360 648
108 30
477 847
562 695
669 625
782 912
108 173
625 285
992 632
921 556
593 831
376 269
764 266
240 844
4 391
429 142
505 344
378 726
931 852
298 927
494 618
980 498
463 467
533 835
177 206
767 33
237 838
693 711
314 801
888 390
172 327
799 250
823 224
77 510
629 177
222 761
637 646
664 902
168 565
405 168
813 91
984 951
513 167
625 955
510 391
690 633
393 486
254 904
493 432
421 177
758 699
849 152
945 653
731 156
803 315
56 916
459 497
665 318
349 829
632 327
7 859
584 426
473 301
96 516
777 805
671 385
580 148
755 304
28 249
540 604
78 519
838 857
806 315
226 657
796 357
216 359
839 321
217 978
134 831
754 219
682 140
21 798
801 266
235 722
910 774
734 696
700 632
763 216
985 70
352 581
738 840
833 10
67 421
182 793
19 531
648 481
374 453
269 565
696 493
532 851
334 631
886 416
889 508
338 394
892 753
604 116
862 457
700 444
540 341
27 778
737 493
788 975
23 830
995 633
562 12
46 389
948 801
30 97
550 565
495 774
978 476
961 682
305 873
505 598
767 170
14 854
515 303
993 249
352 239
945 126
598 912
953 603
771 966
486 297
508 337
310 219
152 37
353 612
542 790
621 775
927 856
38 753
419 625
225 674
669 433
135 373
802 18
566 59
467 994
483 275
526 725
821 487
364 534
915 862
533 275
371 712
481 790
868 902
1000 891
744 140
462 595
693 221
587 630
159 657
75 346
630 648
703 84
378 505
323 408
730 851
436 217
275 221
745 806
958 98
136 181
281 940
178 560
530 285
26 716
136 4
389 958
194 262
929 729
877 3
806 1
277 829
373 804
190 810
840 903
912 628
179 23
786 85
937 199
352 305
596 460
299 990
539 397
184 622
458 117
960 415
500 456
389 122
954 754
640 801
236 450
19 668
921 484
120 731
452 762
254 298
680 925
442 432
794 141
631 632
745 697
706 593
606 942
514 283
866 811
297 636
742 350
559 380
586 186
783 836
590 674
936 837
370 513
25 641
689 179
871 143
549 391
552 373
370 400
408 141
319 473
570 377
483 704
638 72
286 61
665 468
349 579
49 448
548 423
509 797
368 267
67 63
251 842
966 877
542 292
755 202
42 355
817 531
345 306
213 498
479 859
137 30
835 179
923 623
397 715
553 902
899 686
578 371
502 795
584 704
179 292
716 453
554 478
207 754
85 146
820 91
804 864
967 212
960 686
501 322
86 292
89 64
527 474
458 276
374 99
70 872
930 777
452 42
878 691
238 722
97 974
890 5
552 376
50 508
253 707
933 55
936 485
347 982
313 874
170 549
814 266
801 653
549 103
677 50
516 368
824 932
184 872
351 644
983 759
106 857
892 936
89 941
123 14
366 751
936 146
40 359
404 904
847 100
832 963
63 693
103 180
361 301
663 310
685 154
859 683
306 617
366 969
633 471
480 348
601 138
319 509
546 403
672 858
784 260
436 575
298 268
578 864
595 834
244 284
618 97
856 844
160 713
603 735
894 498
362 675
128 151
203 749
205 87
145 156
466 816
251 761
12 569
403 140
538 721
209 173
270 476
552 941
882 140
664 103
926 235
983 398
481 862
872 25
829 597
172 740
856 557
692 467
160 228
14 195
843 793
368 157
394 653
179 433
91 589
809 810
38 84
441 622
278 366
74 413
469 184
114 569
502 176
729 108
69 499
888 971
649 915
322 605
514 563
397 141
553 463
130 264
573 20
11 535
748 94
843 306
942 458
213 534
182 463
934 606
338 201
127 833
609 194
771 207
810 875
357 972
896 524
112 629
612 886
300 156
229 258
283 918
766 507
326 584
295 411
970 631
21 391
993 958
133 605
224 594
111 140
581 863
107 968
186 425
579 306
376 535
346 179
973 118
920 126
149 404
243 297
462 709
156 432
837 519
930 171
242 83
481 777
43 14
525 874
565 909
582 869
787 383
453 927
424 631
132 328
794 893
284 387
359 889
808 797
626 60
368 276
510 979
166 551
612 127
540 716
955 915
123 395
341 48
995 47
579 940
708 712
145 126
187 519
98 182
170 731
423 703
305 624
434 84
622 765
956 817
995 781
465 874
635 370
598 378
857 812
19 643
993 316
294 571
409 291
473 676
367 937
562 442
836 557
705 522
145 691
70 237
128 277
904 569
158 427
407 734
671 893
892 976
586 135
988 279
401 571
461 689
154 811
482 652
96 118
828 319
847 205
558 400
873 322
33 539
253 160
384 171
741 731
840 891
304 284
987 375
36 489
2 649
298 752
211 517
747 599
586 603
272 655
517 731
166 769
579 302
137 263
858 379
806 747
533 417
972 711
702 552
386 929
925 215
525 829
929 156
986 423
988 633
459 365
99 706
318 416
607 918
12 807
201 143
643 811
346 937
240 412
494 353
216 408
445 803
981 849
413 261
881 485
691 607
604 687
751 680
130 908
518 763
367 691
151 998
264 218
479 422
421 108
169 195
28 130
503 416
804 547
752 372
221 751
442 748
62 481
470 765
359 289
532 641
458 114
728 108
667 934
741 627
183 708
629 308
829 178
562 463
265 803
210 253
148 668
806 924
121 246
339 43
512 887
343 627
624 235
707 542
663 444
957 735
193 690
487 304
611 414
384 361
331 780
595 75
296 521
585 97
666 226
689 3
525 669
841 856
881 779
392 642
780 813
808 501
140 588
548 337
570 489
275 719
941 382
779 111
29 836
915 927
500 577
111 169
318 560
105 256
752 837
143 226
756 545
685 539
1000 115
428 516
855 175
886 183
562 845
652 603
786 773
635 501
422 569
313 717
916 640
482 460
155 350
449 61
782 233
308 656
749 138
968 719
83 944
528 867
35 821
930 663
390 27
430 420
293 117
386 697
748 853
360 686
620 444
678 104
58 865
574 169
151 232
451 790
598 307
946 304
571 677
519 829
539 131
769 418
190 545
498 457
361 982
331 637
829 214
980 102
822 781
547 406
96 474
59 343
704 96
27 757
710 74
235 374
41 561
776 572
686 35
339 180
166 429
757 406
281 243
728 644
272 410
280 246
718 355
738 613
480 349
742 421
45 139
764 741
672 859
603 673
125 445
571 79
183 285
385 206
774 352
498 337
704 556
228 954
944 123
157 354
909 691
15 580
381 132
243 223
300 588
284 619
642 897
996 310
906 26
621 607
293 580
129 995
882 153
944 909
376 730
87 180
110 15
94 624
241 236
960 894
522 989
263 681
506 600
457 127
479 207
122 968
85 196
89 129
198 621
74 599
866 475
833 258
616 174
87 523
990 872
295 136
117 13
591 907
762 779
670 542
527 179
658 62
296 259
396 382
887 401
355 288
696 356
952 974
2 429
773 672
758 486
300 714
317 228
869 823
422 399
463 191
446 939
197 495
770 857
572 237
611 849
813 661
444 344
737 672
653 44
122 366
473 760
704 76
905 811
780 433
874 276
693 922
353 943
680 229
310 353
205 566
633 203
172 321
724 246
374 955
512 942
95 799
111 700
650 532
758 989
500 965
970 741
106 161
772 657
71 927
461 127
232 281
785 841
310 725
750 686
72 305
972 732
66 108
264 739
376 647
267 1000
625 670
34 981
759 725
180 430
651 735
346 780
90 479
56 99
852 719
981 813
7 746
619 733
280 776
4 33
27 192
1000 760
251 302
17 426
201 725
971 41
494 417
355 348
891 894
565 497
472 416
443 737
675 906
349 679
477 962
667 62
649 543
527 466
282 208
504 864
504 267
642 368
461 590
116 813
500 148
600 250
235 723
32 614
455 924
315 9
944 711
232 697
374 532
822 760
935 827
831 890
63 716
420 801
125 259
20 657
576 257
650 520
271 226
446 415
556 338
154 970
301 873
985 808
747 441
355 202
491 647
555 522
229 7
945 862
753 968
854 240
513 50
293 826
129 777
629 550
733 630
355 625
300 508
953 164
402 738
603 450
650 76
635 518
542 54
357 308
878 238
254 644
100 106
172 12
433 905
470 108
623 158
385 754
760 632
247 122
522 416
105 581
475 785
256 577
8 176
479 7
706 201
635 213
707 288
627 925
327 83
40 531
649 127
173 873
598 74
842 861
496 36
494 563
613 519
84 299
804 556
71 223
365 446
296 219
249 231
667 508
388 267
118 30
924 453
943 91
1000 611
397 67
496 258
649 938
944 822
407 942
965 640
526 329
142 425
697 950
731 971
866 967
370 174
887 639
88 379
878 870
442 446
481 156
724 72
706 943
909 202
94 25
664 691
810 657
3 868
400 132
102 255
292 803
121 471
749 813
201 367
898 159
741 621
957 928
745 362
250 804
90 561
471 592
48 101
581 901
31 356
94 1000
665 265
993 997
850 934
873 95
730 752
660 219
77 119
314 283
949 131
332 139
993 711
868 981
283 308
427 153
691 884
708 830
397 961
592 799
720 228
850 603
501 701
583 595
94 548
318 790
562 842
134 684
126 917
937 502
39 370
705 882
578 480
427 468
178 978
415 771
531 42
402 138
39 707
209 668
461 593
122 151
51 145
364 56
274 464
41 491
919 256
443 587
763 130
606 332
848 900
207 387
27 57
813 727
473 748
420 216
779 915
482 881
601 509
801 643
622 549
683 471
80 828
382 173
801 892
902 887
791 153
704 97
103 33
468 418
586 77
658 750
663 451
81 515
67 560
763 703
159 96
992 155
595 102
562 165
150 476
667 546
318 594
798 472
25 449
343 485
492 993
185 701
646 668
233 11
767 578
823 812
93 527
663 903
997 969
494 77
30 760
685 860
501 895
565 774
323 167
72 357
788 27
100 83
502 603
590 282
369 438
61 600
355 871
70 542
268 790
626 22
220 843
222 558
156 227
708 560
359 932
532 262
313 456
585 71
541 240
778 642
874 959
912 656
70 680
324 840
442 835
976 279
449 137
35 720
71 22
825 470
72 179
258 287
994 86
605 624
992 635
130 262
3 44
83 282
447 773
709 690
444 96
568 654
897 552
680 968
828 64
926 845
639 134
987 673
474 788
753 519
315 236
957 661
62 875
193 712
41 437
419 26
386 369
405 467
500 87
687 493
391 224
533 848
895 334
54 826
419 235
45 93
48 207
748 247
767 768
71 777
135 108
980 575
729 889
34 129
401 898
70 824
197 580
241 476
780 581
162 172
698 458
940 131
910 16
337 226
195 460
952 337
740 208
977 130
778 501
526 623
229 853
983 428
622 212
878 66
806 431
437 312
521 301
850 547
502 726
85 374
69 913
470 432
623 234
881 511
971 389
886 584
89 156
20 913
407 310
964 717
143 360
365 248
498 619
672 28
520 64
776 42
609 369
448 43
268 382
222 13
580 999
778 875
818 812
472 336
625 318
329 810
80 885
245 37
670 932
886 470
390 587
118 844
836 440
784 898
589 849
952 696
244 146
814 34
597 658
157 741
412 882
197 228
970 804
55 202
900 975
392 906
875 865
398 925
254 126
555 879
113 751
187 163
560 903
779 359
619 356
28 184
250 769
551 763
681 585
756 11
884 64
99 776
79 486
102 909
447 67
380 807
183 324
77 193
632 720
816 127
417 958
340 865
73 618
717 305
666 734
846 175
168 818
615 470
252 216
402 739
384 890
447 177
750 269
972 848
830 370
1000 25
471 372
569 484
843 709
920 890
795 614
693 173
527 423
569 85
308 495
671 558
864 663
229 555
739 955
235 546
380 457
661 670
248 855
820 497
415 959
531 126
165 132
902 747
400 283
58 843
814 386
317 186
579 539
787 966
415 459
991 302
683 617
351 911
524 563
49 661
66 621
819 357
828 153
153 919
72 577
126 276
459 293
53 898
757 158
853 5
434 811
775 672
792 124
84 863
819 740
912 66
788 605
438 210
52 179
667 936
878 127
391 40
395 45
16 806
832 1000
366 560
276 280
301 827
709 206
417 691
966 567
497 528
515 166
73 693
368 771
2 619
920 154
595 792
837 699
215 123
937 825
885 687
484 72
525 974
158 137
314 395
940 331
750 470
312 168
789 666
133 966
29 21
582 931
886 513
652 969
545 127
375 4
472 861
803 931
952 103
276 545
80 354
298 185
726 41
85 159
859 456
290 965
184 320
882 811
647 899
752 259
553 310
95 187
151 885
208 597
652 702
504 588
753 943
832 282
740 691
620 409
487 146
531 376
255 438
700 257
22 893
141 97
496 702
408 560
653 6
161 669
594 218
939 909
463 507
802 691
340 374
141 323
733 489
625 544
439 98
405 446
832 966
335 189
727 655
50 831
966 369
619 667
150 354
119 895
464 364
613 767
840 166
137 530
120 182
618 221
430 573
146 864
21 96
353 560
816 168
724 545
357 24
31 347
345 704
436 681
163 979
202 823
793 360
420 992
150 575
744 410
814 534
618 511
357 105
224 690
298 857
826 339
557 417
356 38
159 709
919 867
960 880
354 451
873 997
459 132
868 387
761 772
541 483
123 115
549 627
731 368
345 45
556 637
59 852
373 711
247 210
442 832
832 596
80 477
48 827
913 249
911 786
934 145
147 705
443 598
969 546
236 103
517 280
540 718
878 573
140 236
784 658
481 106
800 482
658 896
18 611
992 858
987 721
235 340
770 121
664 748
476 90
576 392
779 882
483 942
638 346
140 929
496 791
377 124
385 191
684 309
766 73
719 457
785 702
970 626
975 711
447 446
177 654
575 917
759 945
101 39
599 808
394 153
767 758
938 700
264 741
265 140
