1000 9885
903 717
824 413
825 964
973 196
186 662
869 77
851 664
420 85
836 332
747 795
604 928
272 979
539 739
560 262
797 39
53 215
899 747
95 844
923 150
655 46
651 813
327 105
330 735
520 355
74 801
302 601
138 710
835 930
307 197
199 51
420 940
667 357
425 114
942 553
778 566
32 188
985 74
144 934
574 658
74 299
688 791
627 810
528 587
503 767
519 775
23 84
339 931
141 169
126 505
62 693
797 76
733 416
459 211
535 110
775 703
406 166
885 19
71 550
288 833
789 495
348 113
6 523
978 472
483 217
823 192
689 228
36 389
220 426
738 555
479 687
543 86
671 45
767 211
916 196
885 601
7 149
928 452
963 227
582 523
305 509
694 113
275 293
883 56
65 649
524 400
547 881
397 842
471 441
842 831
467 646
480 980
598 593
963 1
530 740
547 734
507 397
164 954
140 344
61 558
590 535
66 388
52 215
768 128
27 606
834 897
834 48
468 758
14 190
949 353
660 756
834 163
61 802
108 444
326 271
863 60
334 778
117 698
152 818
942 581
51 36
549 877
681 189
979 448
412 659
633 324
478 372
26 285
62 631
737 168
106 591
245 662
951 687
311 268
629 305
64 119
175 301
987 891
1 245
678 444
93 244
629 418
187 371
193 518
712 562
434 808
54 705
198 478
222 923
335 216
541 797
926 533
893 734
451 439
468 511
573 428
261 698
121 469
504 459
358 474
286 263
555 842
798 450
216 708
617 661
409 888
104 608
504 314
927 26
766 54
513 370
72 30
879 765
704 451
135 439
637 315
360 281
983 787
175 982
180 556
642 777
384 57
58 192
531 515
384 936
918 533
833 767
336 433
487 838
396 527
314 231
812 383
302 981
926 243
485 353
31 721
870 72
315 814
119 252
946 792
809 528
96 703
388 149
246 737
123 86
89 170
984 169
164 700
113 28
440 188
886 945
636 168
869 984
473 180
130 623
464 593
435 112
494 717
193 166
770 558
596 492
45 546
887 319
669 616
781 366
398 902
37 206
477 919
494 815
577 457
580 824
585 966
770 880
992 960
19 700
829 211
705 301
84 926
361 759
920 44
511 377
993 490
353 907
10 700
892 932
805 811
917 737
162 130
46 99
176 795
874 334
893 738
970 893
962 829
488 940
345 805
72 171
730 834
879 672
805 525
612 813
409 852
543 153
488 827
803 36
128 252
738 723
405 768
390 92
229 460
690 590
4 590
537 193
52 562
100 383
573 939
646 772
281 556
194 791
804 338
698 423
699 962
539 873
665 726
775 361
803 608
401 480
603 40
742 631
835 147
641 925
271 175
203 813
367 534
425 379
234 953
420 570
248 801
763 66
873 518
13 949
289 437
612 165
460 442
78 889
265 700
46 867
777 859
791 763
978 798
423 663
249 298
720 225
985 158
329 322
718 996
627 849
443 710
460 664
83 687
951 306
567 641
507 735
439 306
116 646
26 341
407 976
546 924
230 669
231 172
895 133
110 967
662 878
495 523
97 200
818 104
213 530
269 800
676 237
288 806
274 777
277 404
482 740
179 700
8 359
991 805
286 351
570 330
805 545
58 422
96 698
816 198
210 173
194 550
751 510
664 826
591 353
98 790
462 303
858 57
573 365
864 833
24 8
480 602
673 941
945 640
894 381
162 170
769 498
128 486
555 977
901 725
613 219
469 67
95 681
445 938
878 64
971 494
39 470
77 799
208 978
885 952
469 110
124 222
622 69
754 69
275 196
95 847
355 18
642 38
159 990
553 595
165 285
522 734
514 862
695 937
442 869
39 645
706 386
321 928
361 883
786 106
127 348
18 896
769 856
739 86
482 491
446 616
50 305
415 763
87 782
291 553
662 552
437 875
204 554
356 400
654 188
785 51
288 501
164 136
148 789
849 896
301 273
1000 808
74 157
371 501
957 326
80 774
245 468
887 517
747 126
847 427
98 758
106 157
982 874
658 628
763 16
944 329
697 351
174 449
604 291
225 417
789 351
776 783
989 361
499 119
906 834
619 358
432 12
395 400
456 130
42 498
591 212
542 904
915 534
163 797
437 166
638 15
668 806
530 236
962 519
690 534
584 237
802 188
395 382
570 64
59 717
836 387
286 959
932 958
206 703
176 510
8 647
726 289
443 621
747 774
806 457
184 72
103 506
204 59
316 605
116 735
13 539
30 651
747 919
87 494
570 900
75 302
95 931
873 589
130 904
22 666
591 991
596 747
762 735
669 690
517 445
611 430
460 450
799 839
982 347
821 983
127 368
737 577
207 424
344 202
382 902
787 968
369 521
278 205
151 49
562 376
448 184
532 892
739 336
210 670
199 602
477 84
775 525
487 479
788 1000
274 759
563 892
358 72
676 37
221 192
742 290
525 264
339 269
141 575
384 284
907 200
17 814
707 935
381 315
765 229
953 491
737 396
43 287
569 699
163 902
591 462
107 805
146 687
627 26
225 791
333 347
834 704
707 82
48 725
512 68
87 172
551 221
645 533
578 733
850 598
997 261
69 966
55 803
223 333
706 185
544 708
934 967
433 827
255 636
40 611
350 832
939 293
542 322
14 155
553 683
612 130
240 666
573 184
643 438
237 323
147 679
520 395
792 688
499 804
635 464
782 15
476 524
222 56
762 981
725 207
84 185
781 365
305 700
658 248
606 194
473 966
679 530
352 753
500 297
134 909
560 670
909 9
362 310
415 320
587 179
259 236
995 726
444 176
373 214
377 147
513 835
476 193
480 132
524 823
884 33
788 908
112 511
813 335
82 219
447 593
732 801
845 638
323 876
179 720
920 474
611 757
37 438
727 495
311 59
472 925
567 6
237 671
60 647
718 150
868 519
667 724
318 544
907 69
237 99
91 486
558 232
517 654
845 817
186 414
82 287
780 604
12 566
972 692
578 543
47 704
854 688
637 32
929 239
768 43
220 544
497 237
613 55
992 227
108 961
345 273
753 444
471 721
114 110
226 532
636 495
697 85
759 275
248 947
740 492
652 894
947 778
490 931
993 120
668 240
230 801
549 851
398 833
38 472
296 263
498 725
709 925
377 476
433 402
741 606
677 255
532 726
207 352
165 956
663 173
978 577
176 587
446 943
348 841
865 337
663 2
322 888
913 827
474 787
1 385
329 12
404 570
791 190
541 851
733 459
336 943
978 498
262 443
413 549
161 587
148 438
684 672
449 881
291 422
759 877
723 427
483 654
101 323
402 311
231 704
399 404
884 158
337 53
637 482
358 717
484 546
953 291
183 402
613 329
816 37
559 887
484 179
772 90
964 229
33 461
107 860
111 124
777 990
355 678
284 762
971 528
458 677
769 32
130 752
741 102
389 17
110 47
807 127
973 339
561 593
217 939
180 89
94 483
419 919
497 491
649 502
445 139
7 644
428 863
251 196
753 186
769 957
26 754
264 35
907 779
565 219
675 820
237 378
443 519
688 698
286 947
98 179
43 606
305 619
35 606
472 420
718 961
957 99
743 406
853 434
691 11
303 849
269 97
164 137
37 133
673 910
351 549
268 95
697 783
22 170
903 631
747 113
306 377
519 551
149 342
339 131
893 568
984 716
316 119
348 718
852 323
546 754
343 328
501 61
699 464
992 70
665 160
426 660
295 171
943 741
143 951
660 493
629 768
23 651
742 97
980 606
927 177
570 478
441 162
684 426
408 85
674 368
318 896
279 963
711 784
98 683
217 628
604 864
988 711
388 925
688 139
410 897
323 352
273 587
769 334
78 506
707 6
302 814
506 717
103 925
471 665
829 551
329 964
485 557
752 572
697 397
208 846
616 91
838 974
325 681
180 172
869 536
303 166
89 110
770 729
364 976
554 32
717 4
575 330
647 809
45 790
956 54
889 320
961 211
964 962
382 903
202 233
990 70
57 746
611 143
792 883
763 472
993 481
787 568
457 445
990 209
407 795
945 464
728 992
66 667
892 787
785 175
589 993
464 395
27 616
126 362
989 56
370 680
760 288
562 42
926 539
249 797
965 63
656 255
472 181
914 751
735 581
684 729
645 877
558 70
465 277
598 839
901 153
400 760
828 728
724 921
950 175
590 838
519 446
855 358
746 90
708 1000
927 826
569 698
231 987
940 183
264 720
838 193
270 458
972 736
204 378
280 282
854 260
46 833
217 705
521 281
226 625
977 207
742 585
673 182
289 333
687 505
631 323
632 611
725 650
54 853
378 150
130 621
477 578
598 106
691 308
527 90
431 113
108 418
273 115
921 831
654 727
490 860
530 29
566 871
36 726
734 261
2 450
844 381
694 574
353 318
352 754
175 671
904 777
373 36
155 145
936 122
40 79
352 353
179 728
102 445
139 389
411 440
896 792
953 985
382 157
993 488
64 452
33 779
559 606
895 449
475 410
229 327
204 811
980 321
323 734
984 644
842 302
51 133
390 304
784 235
36 328
400 973
149 55
85 937
398 154
326 753
45 279
263 224
267 229
710 523
197 620
327 941
592 578
718 6
299 148
229 91
945 666
641 161
129 885
844 283
47 707
730 835
804 567
217 684
101 157
254 625
403 3
59 613
523 274
546 506
73 657
529 338
15 406
460 524
237 226
256 495
275 61
5 236
650 247
262 725
194 55
178 656
492 304
129 640
39 445
332 393
749 216
280 21
424 703
167 473
977 981
246 370
251 168
606 498
716 118
203 13
901 196
773 839
820 436
933 243
857 907
535 763
122 38
639 479
661 949
919 145
835 894
503 532
52 636
607 130
866 24
153 931
236 256
771 23
884 286
232 819
1000 952
433 204
418 632
878 802
37 450
610 388
404 571
32 890
504 39
767 46
549 359
534 133
884 842
873 11
686 64
680 377
310 468
352 218
426 689
135 707
372 149
449 880
124 566
220 449
6 844
85 845
67 334
672 892
358 371
387 875
542 829
232 286
629 589
8 911
798 218
582 701
152 510
396 890
842 774
77 59
793 506
940 383
579 457
138 129
711 700
91 227
21 724
632 445
501 704
881 750
926 201
647 318
146 263
823 579
189 419
190 68
982 224
713 877
350 910
578 437
281 985
915 406
644 312
493 894
131 391
703 287
30 591
472 135
290 776
187 940
649 215
78 859
9 880
31 759
877 169
880 403
75 243
782 662
631 990
759 133
66 914
13 185
442 581
778 791
456 308
605 592
809 187
59 436
757 789
294 573
10 784
452 653
932 183
951 757
992 906
168 220
41 850
83 525
597 813
999 201
269 834
218 920
724 160
852 477
447 539
567 994
107 366
326 908
991 906
685 331
176 805
965 235
253 201
185 601
93 800
64 554
175 846
552 303
383 555
315 347
454 612
485 7
802 843
162 490
863 822
883 140
723 311
333 36
651 899
300 307
709 413
125 834
841 529
437 70
24 149
190 262
142 677
803 685
254 649
792 154
167 50
206 556
669 172
997 239
484 950
195 317
394 559
7 602
30 649
734 637
313 411
27 389
151 918
308 410
607 496
425 194
655 444
127 493
888 811
522 579
728 340
800 97
874 239
761 396
463 860
636 980
820 275
611 343
161 938
273 176
537 995
293 189
296 111
317 807
635 276
804 271
364 262
862 29
809 151
667 17
482 985
148 370
247 731
269 789
413 23
400 76
148 666
740 840
654 440
704 137
672 599
638 262
135 20
822 729
240 617
102 969
214 649
89 884
788 712
33 566
79 337
724 922
613 430
319 343
414 121
272 594
537 234
450 761
962 656
177 715
17 894
113 725
613 128
760 844
635 584
987 119
755 211
522 80
890 886
686 679
375 226
881 345
256 464
203 949
938 288
132 383
25 713
285 135
761 477
554 336
638 126
925 471
303 359
604 538
829 699
665 906
464 709
707 259
252 700
489 790
626 465
990 886
38 35
222 284
649 158
369 969
832 495
557 910
378 105
325 942
64 136
65 353
676 391
246 173
257 567
586 579
187 690
944 983
209 962
467 304
430 26
642 977
364 362
790 266
645 541
886 483
157 903
69 203
288 686
606 994
843 412
202 492
240 695
168 148
618 471
478 625
997 708
672 516
912 19
58 687
116 409
744 471
500 120
783 929
572 916
874 225
326 615
794 317
907 246
87 23
563 632
392 401
788 339
488 845
604 11
401 810
347 18
307 734
394 225
983 161
108 797
538 491
94 856
993 629
388 967
744 301
36 906
929 237
363 873
881 260
664 110
332 164
722 476
428 39
428 599
621 746
289 255
147 9
78 563
853 306
475 517
337 548
484 733
105 512
576 691
441 518
619 759
969 964
976 268
782 126
605 681
986 989
878 743
165 88
131 328
481 275
855 653
805 392
865 629
739 396
923 85
529 446
884 709
516 204
973 979
301 298
781 224
819 405
895 134
453 127
538 311
97 205
892 911
541 672
176 732
804 470
577 756
952 105
282 408
378 440
105 343
810 850
758 932
742 281
132 181
121 289
598 797
968 294
783 901
202 738
495 859
318 992
335 770
358 481
729 723
346 489
456 105
231 901
719 936
387 989
121 515
430 414
241 582
239 215
811 958
206 900
814 711
319 367
603 304
868 692
101 35
414 192
16 671
381 275
932 901
807 283
591 384
480 972
753 988
565 869
454 684
860 423
167 9
479 779
100 124
605 952
669 17
272 983
241 130
684 523
337 759
946 735
412 199
342 128
554 296
929 844
262 577
234 920
915 409
39 354
496 175
276 741
669 922
339 619
625 70
678 968
717 942
957 843
313 600
939 508
620 319
786 105
587 335
347 841
777 378
62 460
781 290
361 769
195 813
344 241
786 504
273 203
37 50
493 560
791 905
98 32
956 536
956 959
39 885
176 617
642 203
212 159
412 937
624 119
435 504
790 306
757 133
978 690
727 877
249 918
413 741
710 5
154 948
40 407
993 23
335 192
468 487
549 282
3 442
978 468
102 164
589 686
291 503
440 923
422 863
603 638
608 936
590 891
98 838
29 712
536 558
802 840
909 612
328 991
935 740
28 189
25 801
188 699
727 262
530 830
287 673
720 464
976 874
261 262
523 127
707 234
979 529
215 963
141 988
272 789
510 645
494 14
24 150
996 467
609 909
773 268
646 10
631 456
686 763
247 451
90 10
496 405
682 822
954 691
77 768
671 229
614 941
364 812
347 518
262 557
636 128
344 256
217 54
329 684
915 437
863 427
691 730
104 384
565 317
216 906
769 776
19 345
592 373
970 869
60 443
635 719
557 937
180 749
435 137
681 161
701 190
634 131
338 361
276 300
810 470
253 651
959 715
139 522
691 105
286 847
838 392
767 306
969 335
919 73
373 255
670 901
325 124
952 746
224 257
27 750
718 620
258 470
582 175
497 580
287 65
22 406
760 145
978 440
318 809
64 664
926 680
158 822
490 238
132 917
813 10
289 662
487 527
460 761
702 770
244 256
101 153
46 762
824 652
73 696
772 852
76 585
764 821
764 958
786 696
163 907
366 134
572 565
497 885
78 314
975 552
744 306
617 68
341 972
622 439
949 141
14 672
879 76
186 731
946 901
739 582
795 680
650 253
720 307
56 178
104 222
531 963
661 588
22 714
630 543
652 853
523 551
636 164
253 536
198 395
221 554
352 807
105 837
334 742
459 842
537 515
322 478
398 795
576 997
635 322
960 796
840 826
472 414
97 823
966 314
979 337
210 813
107 472
895 237
644 821
59 511
550 690
634 121
446 769
309 891
576 50
504 13
641 621
839 619
953 840
76 937
420 267
446 48
245 314
345 952
892 64
549 466
988 214
421 943
293 664
712 816
289 705
162 305
550 964
605 143
663 703
245 604
229 359
174 472
33 708
822 249
607 770
538 775
671 225
103 483
94 974
954 55
73 889
320 903
217 513
180 691
72 284
7 878
263 384
497 226
727 44
86 924
731 609
384 726
298 100
9 239
372 789
12 998
397 624
687 627
119 77
194 420
964 576
969 890
961 462
981 899
764 501
530 349
126 778
274 415
921 872
494 514
961 127
374 212
449 131
359 640
485 837
200 971
244 704
193 134
161 992
71 157
843 204
908 727
468 554
169 429
581 55
761 921
173 589
134 989
374 502
619 396
107 201
250 307
503 647
610 19
115 627
919 113
889 88
175 481
960 253
128 527
898 63
828 444
442 227
983 512
909 925
586 250
969 242
915 268
133 364
461 790
211 275
927 73
343 278
770 404
315 305
550 808
479 711
160 454
135 507
214 400
580 375
295 241
176 327
547 856
146 611
254 512
561 884
11 407
214 370
109 360
626 850
477 607
147 183
424 976
404 111
318 396
854 322
488 471
770 202
480 811
700 119
247 111
860 568
834 41
322 245
470 293
825 282
333 979
51 28
798 551
503 295
14 86
97 556
175 65
969 624
308 678
915 374
981 249
123 737
969 705
899 170
313 825
353 356
101 974
961 869
800 224
88 247
715 434
787 545
148 785
370 929
353 213
279 197
874 593
70 74
932 177
715 259
532 971
442 421
282 74
710 122
454 324
814 36
27 690
987 901
283 556
692 640
420 323
283 989
694 441
76 832
832 690
664 202
854 819
84 551
372 540
606 612
954 141
888 137
63 939
234 263
162 488
346 381
254 834
207 278
44 4
119 576
567 504
128 87
884 364
778 177
630 4
17 801
396 792
916 39
940 356
276 838
890 843
483 282
1000 240
640 33
806 626
556 909
557 484
831 5
155 556
475 735
5 34
722 564
322 166
485 554
234 874
70 79
848 226
388 77
462 890
946 595
178 553
711 337
930 536
666 882
132 74
960 603
49 860
856 668
543 836
431 94
816 788
507 972
143 330
493 753
776 125
351 215
961 39
116 313
451 977
503 440
722 636
382 571
530 542
94 143
477 797
430 397
359 345
382 906
75 878
136 762
890 89
619 877
265 986
486 676
808 204
611 769
39 792
83 976
433 185
841 260
917 615
330 259
918 384
979 146
27 737
46 63
742 487
361 687
396 410
386 128
813 359
816 469
100 210
230 443
893 729
896 700
183 19
337 455
871 134
549 398
606 689
348 193
564 945
400 522
42 935
228 910
284 486
685 270
486 450
859 868
841 721
458 951
288 403
890 914
301 983
397 792
966 971
458 774
997 47
29 973
450 162
911 467
359 953
57 508
42 360
295 14
557 439
216 667
826 296
708 948
251 931
634 204
482 878
424 567
464 296
618 601
982 46
216 441
167 310
960 520
29 661
873 557
674 966
97 763
123 331
986 967
329 472
644 129
611 462
65 502
726 781
231 417
700 680
356 674
286 793
235 193
808 281
3 57
666 667
539 155
44 731
932 264
44 618
795 418
444 332
27 860
505 330
801 885
235 209
453 42
164 83
883 669
796 520
799 93
433 54
896 650
386 356
135 867
466 54
323 707
1 347
681 745
494 520
297 720
271 446
158 944
516 701
439 798
131 601
558 464
380 736
225 313
20 967
558 323
584 218
695 254
698 78
814 536
533 112
256 196
104 669
977 14
372 624
690 961
976 194
658 8
713 741
823 632
935 98
432 739
808 810
789 553
369 56
962 15
597 74
765 698
74 607
354 319
527 10
821 873
454 770
695 832
772 419
924 102
165 70
847 926
95 133
99 222
691 386
503 608
843 198
765 73
236 93
611 123
369 580
699 768
122 404
305 732
549 945
678 812
2 340
130 257
296 41
792 942
409 334
174 974
714 195
710 273
74 98
723 883
120 796
652 269
192 626
931 862
532 935
112 384
295 735
496 559
424 161
814 9
804 39
644 584
905 956
34 438
767 184
720 825
976 723
758 981
283 865
650 394
133 563
975 348
963 380
479 710
889 516
160 750
801 993
733 907
437 111
646 925
410 937
216 676
488 73
217 653
897 425
826 369
655 790
262 874
631 407
85 573
172 562
85 383
949 486
191 359
792 188
611 296
556 607
47 804
503 294
753 15
933 564
388 392
173 654
20 138
930 727
291 607
551 293
644 89
402 348
521 485
429 949
801 610
621 161
217 363
182 791
649 950
796 803
411 327
196 983
696 503
143 900
149 583
623 135
300 565
597 953
753 587
681 502
980 166
22 25
387 652
595 308
838 223
876 422
514 161
80 935
171 974
140 835
876 350
880 560
849 583
41 642
206 196
153 504
729 813
149 108
867 923
551 577
254 835
868 731
945 854
747 590
803 368
936 687
909 861
594 439
354 816
6 73
135 367
873 244
641 238
110 237
648 670
646 121
647 464
229 225
394 310
158 295
587 915
778 400
284 329
394 409
693 35
165 474
919 673
961 363
299 268
119 135
891 71
645 98
429 759
226 864
624 713
716 185
778 980
17 398
183 569
117 309
118 22
501 150
766 898
69 434
680 873
308 554
516 247
735 909
682 283
903 689
101 993
725 167
179 831
914 438
990 213
848 702
888 635
500 321
743 263
943 833
127 34
763 570
914 600
295 743
6 606
334 379
546 675
698 998
954 332
202 681
278 770
228 681
687 418
46 286
343 360
126 72
737 165
353 700
941 83
138 256
410 557
141 651
805 740
788 297
238 352
116 836
856 299
599 889
824 637
812 486
858 292
363 910
492 554
111 176
571 768
194 188
379 248
489 616
218 54
710 866
276 970
152 344
583 587
51 586
603 137
968 538
329 876
769 735
532 56
208 927
523 456
82 888
855 791
749 240
790 850
991 183
955 869
995 176
501 423
658 320
672 209
604 644
471 927
611 352
49 895
549 698
863 30
352 936
540 979
1000 568
144 822
827 697
790 559
890 11
585 639
19 597
335 503
691 71
697 986
923 360
766 664
608 534
239 760
996 901
577 749
374 549
783 829
92 494
649 812
776 549
762 402
103 174
380 529
625 682
493 339
774 575
558 102
372 189
873 368
569 911
248 586
970 758
917 461
993 831
352 161
244 503
462 426
48 170
529 573
555 573
315 644
832 618
640 133
27 957
489 409
860 184
3 803
43 382
281 389
172 699
48 392
694 51
343 195
271 870
275 355
246 906
427 108
856 874
968 856
94 750
919 779
497 224
738 958
95 511
376 739
12 785
353 244
859 158
881 378
648 549
686 817
601 587
655 162
126 953
416 104
878 392
322 708
260 73
964 721
14 120
622 909
4 734
695 835
990 849
113 131
350 176
544 451
502 31
393 505
143 653
406 337
333 783
122 34
819 248
482 934
369 404
109 1000
60 236
959 700
28 370
503 528
32 271
658 217
607 142
22 784
739 286
267 616
981 453
248 141
810 575
478 449
373 181
84 952
784 926
623 993
628 701
3 306
850 403
57 172
870 854
62 787
230 497
252 455
126 166
771 825
745 520
796 668
92 262
758 786
435 812
684 669
900 866
464 346
619 368
849 491
759 872
280 922
889 922
358 375
840 242
107 565
537 54
867 975
335 557
928 885
436 660
630 713
76 403
714 476
702 683
138 944
397 863
56 927
773 388
646 914
208 170
640 338
664 77
669 196
968 963
418 508
42 432
761 952
270 160
769 519
386 268
65 226
765 605
293 466
114 369
976 348
777 413
339 620
319 514
13 979
251 328
536 980
832 443
192 794
361 885
760 188
203 442
954 286
630 359
5 640
479 345
748 150
696 265
767 892
457 315
409 440
296 604
155 172
411 326
845 577
785 53
308 966
633 341
828 141
809 718
994 229
120 714
883 339
672 353
356 970
231 206
642 329
17 309
936 496
709 984
45 774
429 231
693 938
675 659
72 956
572 121
884 827
444 484
893 563
869 562
718 390
295 595
800 7
179 670
115 796
222 704
980 500
309 708
970 526
793 15
759 844
120 245
803 482
111 953
197 544
598 174
332 777
684 54
171 397
979 530
765 61
90 247
162 200
419 715
759 199
263 458
985 578
188 512
716 758
114 32
760 530
428 538
213 348
915 216
899 703
812 688
65 861
119 134
256 771
470 468
364 815
777 907
845 312
281 953
781 528
928 204
213 446
553 689
535 993
431 135
971 127
956 649
705 911
913 186
550 49
678 122
60 293
83 764
891 789
640 909
1 689
814 501
635 296
321 672
58 949
990 218
168 45
991 679
121 19
1000 778
984 399
490 440
787 684
296 881
316 364
871 418
709 259
236 731
572 29
974 921
560 637
158 682
513 425
969 63
112 600
168 474
867 728
548 101
14 825
2 833
190 346
10 372
391 945
158 836
383 971
24 424
812 193
929 507
551 612
826 101
20 924
556 190
977 407
778 192
617 952
10 86
677 990
716 564
737 503
327 746
985 533
475 799
230 385
389 451
816 881
781 961
817 520
376 712
34 786
327 379
403 91
69 960
67 215
217 885
642 538
476 966
259 632
317 274
29 158
403 313
904 242
482 450
804 201
998 826
61 926
763 44
696 227
696 605
809 836
761 451
902 719
860 613
108 46
726 789
635 327
800 240
607 149
313 887
959 744
32 985
771 62
705 294
65 909
654 489
292 106
957 648
5 779
568 985
71 766
609 179
679 723
115 950
248 21
917 347
721 554
157 598
999 499
654 698
141 605
179 726
736 169
475 44
516 846
332 627
791 268
210 339
747 632
607 924
77 129
177 885
924 889
765 116
380 982
256 198
377 840
485 317
233 812
551 31
859 96
937 686
664 114
707 52
618 665
721 144
688 295
341 207
622 176
562 871
319 664
394 545
622 35
398 41
661 621
994 666
339 595
658 421
696 16
734 712
131 319
539 426
705 966
869 603
670 516
952 873
277 890
692 875
14 411
619 934
19 624
774 511
745 860
753 122
602 523
16 410
365 210
533 651
974 567
956 6
408 532
616 739
871 405
430 165
178 386
714 80
309 860
164 113
961 553
504 44
512 777
586 150
14 983
823 327
884 855
166 818
334 432
211 423
768 594
418 855
366 513
612 889
646 436
456 806
614 219
423 345
232 613
894 59
827 110
408 208
483 692
324 69
685 141
506 878
488 173
620 750
239 64
132 654
149 296
958 566
9 477
581 725
51 886
824 566
971 697
294 430
849 37
137 353
929 141
665 699
207 1000
764 199
68 734
416 151
219 346
82 942
263 647
123 166
820 192
308 28
782 20
39 348
338 939
501 493
180 516
380 446
517 49
541 171
1000 339
51 163
394 48
398 180
700 524
545 468
114 705
614 974
587 386
809 924
278 329
295 213
298 411
321 810
529 269
86 490
435 222
653 868
545 635
235 979
97 892
247 754
952 722
537 548
849 778
957 351
585 784
331 360
19 874
297 524
965 69
935 813
153 77
7 350
559 733
136 797
653 296
541 585
987 418
309 594
906 644
395 393
880 641
405 208
570 472
719 825
23 758
459 581
279 872
358 739
604 207
591 499
59 706
850 843
559 785
453 838
402 728
25 583
155 944
259 240
379 222
902 12
199 459
471 294
549 2
214 12
750 434
952 485
865 900
848 86
887 239
319 835
8 715
143 433
476 914
241 51
424 749
86 165
659 79
697 256
716 36
422 219
647 918
969 896
705 71
256 889
847 931
39 678
815 193
140 511
857 123
911 850
398 771
37 65
403 619
260 800
134 777
70 907
786 472
606 233
476 470
536 719
155 139
374 317
197 284
382 792
866 989
756 516
577 406
212 191
909 111
947 260
568 591
165 719
5 776
297 479
260 725
658 960
311 42
519 513
900 517
328 316
409 38
248 250
575 239
529 821
291 6
480 812
885 370
997 616
598 857
569 881
25 231
172 402
998 738
174 448
358 429
586 896
627 273
500 694
245 345
270 163
242 861
594 6
16 588
312 339
699 833
827 372
498 2
52 413
841 560
698 395
826 324
95 601
3 999
333 340
284 312
233 704
660 788
593 96
21 535
511 442
458 630
755 500
464 299
982 45
243 697
462 853
726 38
375 396
378 144
329 588
75 80
682 72
215 637
830 192
246 411
356 591
708 740
359 664
855 631
400 481
57 558
891 835
22 923
796 246
429 462
69 404
14 303
535 347
523 999
144 132
914 408
678 321
936 96
810 601
739 373
903 548
356 437
227 553
469 748
291 196
296 878
577 739
250 509
415 111
864 817
130 205
116 486
780 23
714 287
951 478
757 411
746 908
799 154
223 797
932 313
400 730
832 765
802 797
470 631
436 515
521 867
291 408
8 778
23 713
390 84
113 323
216 941
234 346
516 990
663 921
944 197
678 4
441 77
993 648
30 409
713 537
842 895
493 225
111 214
479 786
225 855
102 575
696 836
694 851
953 91
437 298
350 517
955 677
302 872
393 140
251 64
747 967
217 848
659 169
274 249
167 326
906 498
216 943
385 997
327 124
165 353
303 961
759 409
942 939
181 192
194 467
947 787
300 425
807 775
424 308
425 29
339 707
545 892
69 598
587 409
477 721
633 555
65 471
985 230
911 650
1 847
457 285
368 160
611 124
494 864
614 781
356 833
822 862
537 990
921 575
678 677
724 436
407 1000
909 38
54 615
787 630
183 769
405 263
597 787
212 247
303 664
931 835
740 625
865 219
793 870
336 791
101 537
379 939
585 196
567 812
41 152
6 548
362 70
194 655
232 614
585 38
987 502
915 661
664 915
862 538
958 725
897 328
50 570
202 961
963 270
403 193
76 397
242 869
884 276
834 609
979 632
626 783
929 275
531 579
343 225
881 570
328 646
437 108
77 53
547 819
669 337
962 477
301 685
413 19
368 546
739 565
976 161
501 714
212 915
279 36
855 251
868 976
768 189
218 781
453 899
901 511
425 462
355 767
809 230
217 940
240 507
256 624
977 922
579 890
69 808
502 488
713 992
493 888
539 536
852 577
598 37
583 819
765 972
144 512
606 464
173 651
583 960
910 16
626 357
387 53
902 660
120 704
502 183
148 942
511 74
121 225
558 625
549 82
678 318
572 277
19 655
22 818
403 812
596 147
691 129
503 871
228 454
750 418
6 742
649 661
746 659
339 27
378 767
718 533
663 428
170 827
499 289
724 174
373 312
766 289
947 457
515 141
480 50
236 919
701 571
771 334
579 575
210 246
447 743
799 82
125 393
876 583
643 567
979 822
764 544
46 739
841 825
427 904
232 352
125 235
146 560
295 145
786 303
837 606
890 499
863 978
132 653
722 270
523 195
428 389
859 171
109 328
403 65
167 40
962 336
321 344
506 327
640 323
806 336
679 34
369 197
186 917
958 111
110 652
284 106
13 612
481 535
14 135
308 352
476 770
886 989
929 724
256 890
810 177
301 154
505 231
568 387
498 1000
191 715
69 447
51 92
53 758
19 570
993 247
47 392
531 471
843 281
408 187
709 368
73 150
535 20
277 260
245 432
358 241
947 436
182 387
685 280
561 266
462 87
926 514
418 813
330 481
258 322
352 41
951 768
443 194
176 967
230 147
70 487
193 936
635 6
362 811
475 194
718 130
426 514
408 9
524 335
998 146
360 258
177 380
56 380
370 359
650 309
392 541
825 809
592 748
510 603
737 501
955 442
850 812
103 728
821 349
788 10
212 868
214 190
422 538
540 618
25 723
890 739
483 139
342 82
480 727
626 233
220 890
459 146
498 714
527 397
952 113
717 783
276 555
886 910
924 239
63 365
618 980
416 958
570 531
801 601
333 919
191 521
804 996
752 317
753 980
476 661
592 342
295 290
759 218
91 463
217 311
329 429
58 885
350 501
27 50
752 27
112 186
277 582
250 161
831 283
115 666
666 278
994 171
101 659
605 617
974 584
680 832
211 28
802 713
178 367
697 614
31 569
827 870
814 96
733 16
20 749
348 50
793 939
461 877
957 616
33 622
231 839
144 321
721 697
261 534
391 919
223 836
7 71
438 321
746 593
985 926
267 875
419 564
521 604
264 755
232 199
394 378
659 458
492 521
110 168
403 8
646 68
327 345
935 30
919 885
901 410
117 773
375 77
68 523
786 970
399 220
21 923
712 261
962 11
85 200
910 283
270 122
56 450
754 169
169 869
244 64
447 197
910 53
967 60
880 366
790 607
95 129
813 854
481 277
190 751
984 188
790 462
888 984
596 265
680 804
451 715
969 266
418 512
887 568
945 273
676 135
37 459
679 780
866 885
297 534
649 713
944 727
27 685
672 550
813 253
880 953
330 539
888 404
749 857
309 636
965 706
225 325
188 591
444 545
429 307
159 222
111 817
317 271
758 600
194 575
869 290
582 394
510 433
367 8
816 78
26 797
489 378
756 472
498 504
162 163
962 33
869 40
542 198
925 198
907 327
588 384
204 441
794 991
869 441
82 541
582 854
238 232
545 76
674 808
76 82
518 377
833 329
696 557
921 1000
130 957
247 227
562 920
728 464
711 249
624 673
346 619
840 317
942 567
670 614
918 175
78 973
482 234
715 472
696 507
92 540
109 602
827 595
224 962
204 690
481 845
690 233
28 448
106 992
605 474
733 261
432 26
365 367
6 743
758 248
460 923
120 828
249 920
141 304
418 663
923 140
883 601
22 29
740 802
716 156
236 513
558 460
962 971
465 289
49 34
177 117
253 194
269 605
399 722
572 858
975 399
835 595
615 148
374 770
894 85
825 422
927 249
681 950
685 102
978 240
229 442
579 940
63 807
11 200
820 610
124 311
452 366
453 691
426 321
929 318
628 737
613 230
25 581
651 777
484 46
309 285
38 973
558 319
886 641
105 189
449 258
950 694
365 110
9 42
428 676
553 549
541 28
318 709
692 408
325 657
716 414
754 241
22 659
907 408
625 148
778 577
431 101
171 363
238 593
443 571
668 48
304 867
178 772
236 18
756 508
368 154
387 16
464 909
982 707
341 313
654 242
912 509
279 119
167 697
265 989
123 625
269 957
472 311
454 507
476 327
684 796
39 791
499 542
45 726
982 941
163 279
885 763
476 246
443 999
887 992
784 985
966 497
1 449
143 707
374 474
83 61
693 828
162 692
250 220
326 995
241 853
295 624
222 528
7 444
465 269
966 254
641 258
607 647
980 523
199 592
218 894
423 285
548 326
658 800
366 793
498 433
141 873
290 421
879 485
209 179
281 606
234 629
549 379
954 895
958 863
191 116
381 582
552 846
665 625
685 526
465 990
673 78
485 504
68 528
40 733
424 572
389 226
318 216
122 953
407 258
501 419
697 290
745 423
294 944
721 484
565 283
36 591
74 262
222 406
478 60
562 563
305 602
178 808
490 598
71 183
147 543
98 115
61 125
120 551
986 738
899 233
466 382
230 751
554 589
931 728
17 136
19 710
645 518
23 150
596 212
559 448
945 500
315 211
247 692
69 180
153 236
364 496
940 553
406 245
892 958
370 708
499 280
945 214
996 939
976 748
94 546
374 987
791 480
850 92
622 908
141 683
825 618
612 484
279 829
466 996
584 223
547 981
287 100
417 232
707 649
490 112
206 802
82 276
885 174
298 8
321 216
815 865
377 845
637 55
693 325
589 180
972 727
336 38
924 959
90 175
566 364
474 188
479 173
996 25
872 7
321 263
587 556
492 296
190 35
542 276
588 210
626 413
281 30
211 15
221 520
38 70
187 920
460 428
65 36
48 822
460 292
477 815
350 71
298 418
106 747
602 756
537 819
204 239
978 935
283 395
984 44
876 10
903 757
83 294
804 897
662 868
577 348
939 853
139 473
306 330
913 818
272 70
491 842
974 933
50 839
362 53
728 438
844 861
828 442
280 704
317 699
178 939
115 772
461 384
580 474
708 279
983 911
384 221
721 676
529 541
859 818
362 870
399 415
99 873
794 651
286 253
7 170
745 191
764 909
756 473
738 892
881 821
7 827
674 468
63 726
932 908
368 981
354 104
980 912
161 120
131 326
163 726
294 316
406 858
450 22
989 847
263 640
285 840
12 896
290 574
311 968
294 30
646 323
575 123
7 767
364 81
948 47
85 862
238 971
459 42
946 568
490 908
967 146
382 694
420 983
442 875
61 963
338 712
763 233
710 432
360 580
892 546
79 739
575 686
78 978
467 261
123 743
394 949
273 204
718 974
732 417
745 940
338 490
469 576
2 386
689 597
27 874
766 581
608 611
59 317
343 637
714 115
992 881
791 213
978 316
154 138
448 995
68 308
989 92
525 282
180 829
985 971
606 735
426 669
816 269
926 710
402 953
860 94
163 182
720 681
993 891
229 441
157 396
30 170
916 207
774 293
836 102
233 975
200 256
959 376
48 340
910 916
967 669
200 367
78 336
669 307
428 391
616 691
696 655
803 597
946 998
475 676
186 689
426 96
119 237
68 573
271 120
865 921
242 248
761 856
562 859
527 427
622 111
290 578
76 119
851 927
85 143
217 63
74 656
610 574
421 141
683 822
314 754
146 148
679 258
739 239
688 863
856 273
621 239
958 769
921 731
852 837
246 92
178 148
418 683
683 480
329 256
835 214
905 547
435 428
183 730
754 690
204 727
44 636
452 772
400 68
125 384
206 408
207 65
687 331
46 65
286 592
417 647
474 976
827 860
148 637
407 752
49 508
803 215
839 525
861 117
609 4
483 787
500 915
282 330
396 758
1 226
159 907
132 924
188 624
484 399
803 53
561 634
366 943
578 879
6 780
357 232
858 527
660 861
141 791
988 926
682 721
171 348
209 33
797 672
987 222
128 9
945 160
557 288
357 458
472 668
324 645
259 862
702 502
99 671
447 217
510 975
416 355
971 467
94 646
262 742
543 627
820 788
967 935
569 12
664 312
756 934
180 26
540 778
27 377
707 267
468 797
658 445
270 15
807 796
701 505
901 215
61 922
118 341
320 284
193 2
270 955
251 372
793 959
80 636
578 151
65 456
710 504
730 458
491 596
311 583
409 459
982 748
374 176
408 653
596 358
933 879
950 952
139 421
409 229
156 630
984 367
931 680
883 611
461 521
577 736
856 660
304 332
784 966
88 467
515 326
898 82
405 462
563 674
335 970
676 67
166 869
634 725
85 975
466 195
395 69
197 817
897 923
975 326
314 54
764 618
159 282
618 483
574 284
626 982
788 441
402 652
974 292
980 615
502 549
410 863
642 863
214 361
513 998
453 795
384 830
773 316
686 715
820 889
198 701
750 510
255 804
823 630
789 706
848 386
367 938
117 771
9 16
48 634
310 734
591 891
501 533
372 426
655 222
574 906
202 119
264 49
708 692
17 303
826 667
43 735
84 257
597 116
468 928
598 231
325 886
364 17
113 279
558 745
995 945
85 80
766 844
639 454
788 484
831 507
131 193
510 829
523 951
283 394
213 965
291 411
108 157
899 196
629 333
520 143
369 719
813 630
960 470
940 785
247 746
988 508
435 484
885 100
373 176
980 136
651 100
627 773
557 347
939 997
926 969
763 761
654 632
969 106
399 843
680 211
735 631
3 326
956 352
669 386
192 60
202 746
495 867
393 927
776 853
110 526
480 375
279 159
898 535
543 102
177 297
231 762
110 505
513 32
30 425
662 387
367 123
224 763
887 641
159 399
811 852
918 744
371 749
743 9
324 733
553 813
39 122
96 532
406 859
479 883
150 817
155 601
952 461
54 413
958 231
542 486
289 268
347 562
761 812
375 448
583 671
24 957
454 977
274 107
539 541
721 402
743 853
543 873
322 383
660 587
430 136
936 40
960 741
407 186
320 324
435 181
56 318
330 933
810 363
54 564
333 814
530 90
605 566
182 745
58 811
293 128
829 78
942 279
464 818
396 143
198 7
389 688
952 726
240 664
830 731
323 504
376 424
875 62
213 571
366 711
408 483
709 443
124 909
73 473
809 545
516 605
849 552
381 473
559 729
710 799
306 593
144 380
115 227
776 881
25 504
395 397
570 373
145 870
555 910
774 119
698 145
848 46
510 467
918 938
167 342
450 294
953 325
206 795
251 702
802 34
751 5
38 624
792 116
216 646
648 531
612 300
623 172
570 792
332 123
740 72
126 75
160 204
548 887
717 872
129 711
773 22
523 563
467 597
367 704
995 235
479 410
374 228
394 884
913 300
735 213
496 82
4 11
278 510
208 614
688 848
90 641
964 933
920 405
17 384
65 412
329 597
891 808
819 55
782 937
291 974
347 986
494 799
840 661
18 765
442 465
903 572
886 412
135 598
942 418
28 550
304 74
18 524
351 656
611 996
776 527
867 241
408 217
651 145
619 430
486 155
326 786
382 472
845 544
599 575
295 451
172 398
409 836
175 885
181 488
418 10
918 967
99 851
371 22
63 103
581 887
434 293
492 770
312 488
167 794
194 916
731 167
90 805
591 467
149 364
280 245
100 478
237 867
667 930
647 306
427 151
798 938
518 37
776 914
565 982
364 761
384 625
114 464
737 436
26 798
498 883
840 987
345 220
476 882
458 453
748 188
761 740
498 962
194 316
544 334
484 689
239 6
584 607
126 790
312 770
441 610
905 275
778 611
249 425
967 85
880 325
809 847
9 415
479 271
106 757
805 411
473 930
773 701
499 990
351 833
335 332
541 433
265 622
503 522
809 105
334 524
318 692
213 913
141 148
895 149
274 631
684 770
424 152
944 607
453 19
738 163
120 886
619 108
875 6
141 374
220 209
917 757
206 356
387 714
500 65
27 627
871 567
124 949
417 531
816 327
335 817
817 18
604 510
426 594
870 25
254 818
491 684
975 758
483 452
438 324
919 772
744 391
745 82
873 37
459 452
601 691
720 303
422 347
958 889
375 217
379 154
34 819
164 998
589 3
294 353
186 630
529 990
48 635
433 963
414 542
551 75
631 313
647 564
778 293
228 380
238 813
204 197
706 3
29 494
821 882
327 9
836 343
108 504
715 160
570 677
130 758
493 690
403 566
947 364
579 561
804 618
2 444
905 489
156 693
695 524
628 997
277 615
409 343
433 361
273 256
438 986
645 632
461 603
18 303
889 96
961 947
525 18
322 3
365 811
724 150
620 807
841 86
272 215
850 284
80 252
638 327
106 60
326 553
2 915
901 773
44 250
49 148
340 637
861 301
845 1000
333 212
941 405
944 391
908 290
385 315
667 653
358 827
669 39
233 977
721 836
157 200
855 401
233 866
437 104
774 89
850 755
28 302
177 923
632 455
446 73
164 794
94 607
42 442
958 228
869 311
379 23
586 246
91 923
566 575
134 629
726 243
160 16
199 145
91 520
347 674
555 781
591 975
743 852
122 878
375 368
300 203
482 674
691 640
759 238
340 136
198 346
787 843
899 773
408 808
460 545
227 310
17 52
109 966
866 67
52 602
754 652
828 139
611 237
98 424
768 754
529 34
568 696
564 258
753 588
356 208
75 600
150 106
995 539
103 14
378 763
516 463
758 878
260 653
361 324
785 474
73 472
2 964
315 119
979 988
430 932
272 322
898 138
975 392
121 437
9 856
567 210
771 569
793 17
903 44
376 869
394 76
267 134
556 208
11 205
105 250
361 128
980 812
665 376
370 206
243 356
150 752
318 374
927 984
882 373
755 193
989 445
760 681
247 293
68 680
881 683
366 461
458 331
63 407
820 818
103 918
364 662
695 626
221 827
646 146
333 653
451 111
360 885
878 475
63 373
302 535
113 252
810 42
469 159
435 99
716 176
661 785
277 844
137 123
744 697
800 123
431 215
839 58
252 624
53 577
257 545
900 349
944 805
562 364
429 803
88 330
469 723
735 680
645 688
979 154
546 843
505 295
92 106
182 391
384 458
802 243
225 160
797 890
279 455
531 563
404 708
15 706
145 551
791 360
978 433
944 353
173 81
746 917
44 404
567 129
89 834
30 95
170 546
202 547
976 658
258 753
352 156
854 855
58 98
776 570
461 935
919 2
603 330
937 922
955 321
314 187
81 220
621 986
108 819
314 298
798 24
567 325
237 866
664 28
66 330
194 183
380 174
436 104
55 902
955 668
761 905
29 231
820 790
735 389
720 98
481 946
358 971
502 872
854 509
696 907
623 304
521 224
597 341
673 429
416 946
109 219
661 708
737 836
703 345
230 817
47 383
14 22
787 786
238 624
499 816
152 795
118 218
914 243
628 787
820 834
478 178
135 680
407 82
363 288
917 929
300 613
123 542
715 370
183 824
723 863
847 653
323 497
987 850
909 954
336 800
960 234
67 912
174 148
200 580
503 984
978 348
952 517
611 515
58 292
132 995
295 529
41 690
443 226
382 501
867 843
837 829
284 853
249 544
379 593
548 278
825 623
418 47
276 582
44 53
466 995
641 13
163 961
238 263
149 286
206 801
855 396
896 125
988 787
846 517
9 308
671 270
593 433
290 406
418 352
627 450
807 797
329 928
664 487
959 144
606 794
303 266
592 121
78 680
566 397
750 222
208 769
842 334
201 600
829 326
441 637
62 335
839 291
790 595
659 73
818 680
323 368
875 409
485 989
891 723
819 110
931 616
183 751
758 97
11 973
174 395
456 727
753 679
516 325
663 22
11 663
122 382
24 554
352 503
225 127
740 778
379 942
286 430
226 987
616 903
746 858
585 88
141 490
386 757
408 167
559 692
398 142
879 715
954 254
537 398
205 264
194 571
464 545
822 441
129 140
422 523
738 648
813 218
392 586
413 204
717 318
413 834
612 724
850 865
834 634
391 661
786 761
920 325
259 779
719 577
99 584
464 59
836 291
565 875
267 536
414 857
915 852
522 30
438 447
985 664
245 964
626 218
39 453
208 975
725 742
998 666
947 596
379 22
548 861
754 118
646 326
765 598
930 525
661 651
69 676
787 221
240 222
279 14
830 157
249 352
66 886
505 206
602 292
883 993
807 695
459 781
406 372
597 111
725 26
568 347
494 769
335 333
65 295
178 126
36 864
901 590
719 429
127 192
526 327
804 365
474 840
878 858
221 45
404 627
331 565
813 745
140 21
456 322
419 86
482 554
858 869
456 465
662 97
899 337
168 485
685 320
72 720
528 5
524 384
614 249
439 597
694 289
295 430
104 641
862 906
793 129
8 967
81 247
46 599
506 908
759 575
882 483
55 671
993 602
780 536
17 792
380 20
529 44
43 204
617 231
545 258
512 117
781 126
368 579
648 533
756 734
570 806
226 720
557 620
599 145
929 909
851 148
422 66
322 817
542 339
269 501
414 742
274 77
592 208
97 726
575 489
403 318
464 611
1000 874
489 832
532 444
751 552
455 415
403 512
522 630
984 201
362 335
236 14
420 837
717 729
518 522
98 107
122 341
120 527
212 487
982 711
992 579
114 961
457 209
857 714
669 519
174 927
654 357
306 47
398 551
667 234
16 472
628 589
719 310
795 334
317 542
986 37
162 577
936 168
899 316
793 801
262 492
653 245
533 943
75 677
442 160
794 445
174 347
737 189
955 98
279 676
908 101
980 535
374 866
547 172
936 597
573 640
390 98
837 283
250 935
234 352
401 827
42 575
651 75
998 358
121 690
342 282
362 716
424 883
851 512
67 17
12 662
587 806
814 728
725 956
484 974
447 218
550 587
873 336
42 480
268 866
195 258
786 995
716 352
772 658
955 780
527 240
913 492
180 229
164 674
402 107
683 134
96 828
722 672
572 550
765 542
443 135
346 700
317 13
191 564
36 587
437 916
278 408
839 25
967 484
963 505
780 225
579 740
668 162
79 853
830 951
616 639
357 659
469 517
52 531
218 775
357 740
328 32
305 905
931 685
639 665
754 804
573 224
277 291
188 834
886 361
961 582
140 989
814 799
913 731
606 888
827 893
573 337
192 436
525 462
802 565
393 431
253 789
242 518
38 110
763 828
286 365
839 643
533 820
201 315
516 678
441 260
701 638
10 275
233 106
915 748
54 72
2 687
828 615
581 873
638 922
819 796
489 385
477 737
777 604
688 97
263 357
780 593
416 420
343 219
275 363
756 368
910 18
228 137
856 882
108 935
683 439
849 275
924 955
617 191
391 598
733 875
142 872
569 444
400 577
609 963
869 273
454 601
665 962
648 29
65 798
947 744
655 219
930 486
575 674
240 292
238 819
596 705
809 992
549 757
666 539
365 340
938 956
879 411
229 741
184 474
982 672
961 230
322 568
808 367
238 764
494 874
154 353
317 243
696 484
335 339
226 335
979 375
482 805
67 849
670 952
269 38
73 192
737 825
442 407
480 206
156 597
257 778
615 73
704 93
226 401
719 159
71 278
776 713
854 5
214 861
305 151
883 414
172 449
767 283
641 334
736 76
883 271
25 161
29 761
721 809
833 919
323 85
859 935
698 107
93 110
618 450
301 582
697 964
327 538
318 299
588 445
648 634
242 65
704 854
657 764
158 323
813 698
347 390
829 534
423 869
190 112
137 68
33 171
703 178
482 274
890 407
288 71
587 349
716 63
847 807
337 482
669 879
283 220
377 681
48 839
561 978
990 821
493 771
403 743
482 116
139 829
691 376
199 945
807 694
421 503
773 866
740 747
155 55
999 910
330 51
520 223
938 690
31 537
89 680
531 449
36 865
459 618
278 162
351 552
444 158
840 715
931 660
164 13
365 892
991 728
170 890
619 153
231 87
755 617
153 165
10 614
676 55
533 906
511 436
881 299
324 233
876 558
537 504
828 713
779 407
343 571
444 689
107 521
992 433
721 789
906 993
284 525
711 886
231 616
270 584
797 237
665 382
958 981
962 392
394 172
837 600
17 799
379 872
256 133
419 755
792 119
208 142
257 143
318 455
856 810
622 273
878 255
857 384
860 525
437 364
167 183
432 676
342 187
427 501
955 848
1 344
265 260
564 210
161 747
754 234
977 521
597 288
142 237
255 684
94 234
459 859
481 743
169 66
226 21
745 995
65 401
991 253
142 271
681 63
993 246
277 556
459 697
796 792
253 701
610 126
614 606
425 650
600 56
122 324
582 11
110 888
326 853
954 482
883 568
442 318
373 486
627 572
920 306
607 637
467 468
67 724
326 631
58 497
386 440
262 271
653 470
140 751
343 464
310 949
257 397
116 222
524 325
673 517
329 475
31 343
271 740
774 261
289 909
695 285
55 738
702 619
538 712
150 658
651 987
500 595
447 116
693 364
877 767
567 327
826 335
725 955
266 262
68 654
265 70
261 407
132 242
649 424
280 394
462 813
871 746
381 675
576 675
973 415
976 397
344 487
623 419
203 757
544 432
670 528
711 188
715 185
965 561
880 471
610 800
810 302
153 545
959 643
193 288
451 836
843 63
382 940
646 778
92 608
619 835
361 599
838 483
580 132
972 508
326 806
679 870
224 312
685 485
758 805
939 130
64 465
926 977
250 516
932 66
918 21
6 563
399 736
680 138
76 819
718 454
794 414
545 272
214 673
578 522
675 931
201 314
241 709
276 460
634 576
690 750
983 855
305 340
324 432
471 163
897 8
954 75
25 885
998 176
11 134
12 597
662 507
560 93
730 677
955 476
595 949
483 463
321 504
798 122
603 462
566 246
552 896
20 158
439 724
824 256
110 29
163 321
6 296
523 414
262 710
798 788
216 496
492 293
82 853
363 528
289 469
948 740
153 317
351 310
284 168
639 748
344 451
952 130
38 123
703 383
299 411
856 350
4 714
117 323
62 476
888 27
394 922
749 382
610 196
739 440
761 336
774 793
976 395
942 366
140 156
479 183
970 95
457 96
594 611
41 865
832 20
192 243
909 176
776 328
269 849
348 974
62 792
357 616
927 309
150 175
903 295
210 122
107 270
519 528
628 420
367 304
666 185
426 674
263 653
728 626
917 302
353 967
111 831
992 39
497 639
885 420
906 891
779 507
506 775
72 69
424 546
978 153
945 800
413 202
270 621
452 368
751 380
350 790
483 410
322 986
157 197
488 36
859 983
987 26
110 223
882 332
440 455
636 291
87 245
638 317
570 145
558 20
675 309
484 903
894 590
532 213
897 464
830 470
280 462
65 840
54 850
559 98
32 383
858 7
458 393
132 202
189 295
942 863
851 902
431 478
445 14
943 371
449 203
307 213
420 988
772 393
62 361
876 548
917 773
352 617
647 840
887 327
308 358
196 842
820 268
398 990
679 635
402 485
796 406
715 139
587 152
46 191
143 258
463 654
984 444
936 63
664 945
577 307
960 701
605 325
309 952
538 142
225 153
830 686
779 680
945 128
710 896
527 714
839 548
883 460
22 390
962 965
465 283
597 530
447 671
874 137
177 111
486 243
931 66
900 847
996 676
379 682
451 233
861 270
43 403
431 856
175 962
189 790
225 581
65 744
742 226
711 881
788 398
214 568
992 289
340 995
724 728
855 438
33 507
197 696
806 542
180 534
911 369
532 122
39 26
78 924
6 353
433 959
656 822
52 167
390 82
195 697
695 764
792 389
359 543
344 6
803 775
517 29
773 931
276 653
904 174
230 776
925 744
868 714
843 931
535 617
493 742
421 25
478 74
562 739
770 602
274 365
791 816
562 664
523 866
28 284
273 209
948 477
341 598
348 737
682 257
69 376
778 828
952 519
183 721
554 967
577 366
122 325
840 744
576 34
885 88
796 575
754 913
277 382
211 502
358 123
734 951
36 203
666 78
634 942
340 577
125 309
898 365
93 791
171 693
637 346
818 404
689 385
428 179
852 213
968 72
950 40
38 694
112 910
388 577
869 136
851 405
582 615
450 139
828 931
703 817
650 399
462 737
696 705
898 721
204 360
167 116
673 215
273 545
953 71
388 246
544 612
601 629
530 587
610 765
114 460
562 888
673 49
123 102
506 354
420 566
256 575
367 627
804 924
655 324
643 534
471 913
574 98
743 665
523 672
925 716
14 21
473 821
711 617
937 134
498 672
389 7
987 855
179 71
735 90
210 595
282 836
931 625
913 46
112 177
19 607
684 879
666 750
244 918
248 465
20 376
343 962
624 92
992 976
728 970
767 427
718 526
690 58
196 311
748 260
969 113
831 863
651 429
319 780
729 593
586 202
759 344
385 49
5 861
405 62
392 883
484 473
103 305
270 884
567 230
257 127
591 236
873 271
413 884
971 341
659 409
99 331
92 181
521 875
299 381
825 733
932 519
829 623
208 297
134 65
907 451
685 373
582 579
970 807
916 115
220 138
315 636
427 102
859 123
755 186
424 992
299 416
157 2
485 437
795 640
797 822
686 831
998 765
894 930
401 353
906 558
83 771
82 850
122 999
319 643
692 431
270 125
358 56
701 423
539 564
69 717
910 397
521 905
967 164
165 250
187 926
726 949
783 310
877 183
789 338
630 273
633 563
65 431
435 656
986 593
700 327
50 396
252 810
643 161
995 658
248 840
652 433
581 469
709 672
503 667
508 455
454 453
875 951
520 771
741 799
524 891
42 184
232 801
874 496
908 320
844 964
505 965
745 613
292 960
892 984
438 248
442 247
334 441
721 456
211 430
653 315
361 509
235 468
177 628
280 885
667 611
906 745
582 370
620 961
107 670
237 739
606 628
242 699
776 809
484 332
623 506
72 70
551 598
167 841
27 222
428 379
802 168
265 897
452 369
181 349
147 485
989 566
298 667
172 880
581 732
711 797
506 781
293 900
155 943
85 546
489 669
532 103
850 638
835 238
445 913
437 278
354 2
190 118
506 299
323 403
972 60
220 825
646 325
260 384
542 378
860 841
976 342
868 332
377 687
621 116
182 960
53 504
866 140
311 740
832 437
839 82
715 64
455 325
413 192
313 724
100 322
964 989
307 498
455 730
575 549
669 544
230 734
632 209
398 590
883 768
130 504
389 268
580 864
27 864
916 787
292 68
580 759
447 952
782 611
348 979
75 557
68 973
371 370
153 171
905 884
412 860
129 338
41 638
405 5
98 633
906 570
541 953
598 842
585 121
386 466
233 151
646 699
828 698
777 696
29 731
471 106
183 342
536 508
208 354
704 615
746 238
341 586
33 265
197 534
290 408
312 320
383 831
901 680
812 501
824 633
924 735
181 48
581 688
281 756
431 558
471 313
117 853
718 644
995 304
413 482
523 237
935 172
433 664
621 455
696 98
866 430
42 188
874 997
212 268
195 982
15 441
773 819
922 543
456 155
173 632
874 647
529 480
171 158
821 584
921 590
942 308
784 818
514 455
956 80
829 222
922 928
390 906
796 905
528 311
535 71
401 635
163 284
535 44
996 916
761 105
706 954
547 482
838 167
287 167
453 203
145 650
442 316
312 122
997 526
619 20
789 744
106 225
204 56
76 777
573 443
667 954
395 569
361 437
215 438
823 55
550 981
555 701
37 750
702 956
538 901
742 429
634 554
698 207
39 404
275 626
862 986
920 381
51 923
529 735
396 978
533 255
901 635
115 480
227 140
65 715
931 300
149 375
150 656
688 215
615 484
341 991
189 258
648 677
901 285
81 498
725 953
1000 216
132 742
328 597
772 526
241 244
891 168
902 889
322 111
512 195
308 46
773 228
631 336
981 769
768 492
561 714
826 542
798 728
71 884
90 277
308 332
792 529
430 935
407 136
429 720
101 470
913 259
821 906
795 227
869 958
302 273
505 139
51 19
605 712
507 597
364 186
295 517
892 608
229 268
75 774
350 396
978 589
889 478
970 57
143 961
558 419
667 203
597 774
446 818
184 893
993 505
900 595
206 510
334 307
649 130
219 625
625 726
684 541
908 469
131 294
664 529
607 595
680 579
74 766
966 758
695 44
573 560
810 898
261 542
174 485
552 725
52 839
293 231
42 911
647 222
499 172
47 250
923 862
532 585
286 114
537 208
794 545
288 283
863 909
459 507
276 147
774 364
953 241
630 827
828 823
189 575
925 107
506 677
346 970
972 906
646 207
758 346
693 96
694 731
717 858
919 738
244 382
571 295
373 548
437 696
952 21
823 149
613 874
501 384
637 481
1000 353
695 852
40 990
204 849
813 829
445 89
598 129
341 408
731 608
401 19
331 350
593 519
958 265
959 592
454 24
844 656
627 800
478 146
154 364
197 330
235 907
786 281
462 4
424 234
282 200
529 57
767 505
435 490
684 995
336 881
248 349
230 285
452 815
533 514
456 298
827 813
455 932
22 9
116 348
961 551
410 295
718 433
827 553
979 967
73 432
310 423
681 561
385 28
867 794
619 365
106 72
16 848
655 594
798 299
806 790
423 290
295 68
944 11
91 169
127 347
674 380
305 455
860 151
276 192
245 95
337 950
11 309
162 187
728 55
924 619
208 52
708 865
584 303
752 689
806 466
458 548
833 464
430 589
798 886
12 959
644 408
826 615
21 967
43 787
318 155
344 306
677 464
517 39
599 495
303 146
620 183
459 944
498 662
196 805
855 566
416 877
980 149
421 500
702 426
408 813
406 264
777 356
762 938
908 970
51 75
472 436
688 904
84 1
411 339
439 353
313 949
728 20
716 293
608 634
201 948
164 8
205 996
443 979
312 682
106 891
359 159
624 244
491 815
258 452
131 878
870 873
436 58
13 366
876 410
703 57
610 298
614 354
870 248
525 275
710 785
396 713
35 27
73 428
129 450
948 893
858 643
215 258
641 431
534 402
133 539
315 360
536 205
135 445
659 703
849 748
258 520
209 62
506 904
140 548
238 451
404 401
333 469
378 639
966 875
436 994
945 556
506 618
696 662
753 411
932 830
275 21
722 406
797 104
824 314
660 928
313 418
55 814
4 977
191 318
808 750
885 594
815 501
63 368
691 699
856 756
947 850
30 922
757 567
406 677
469 267
563 421
819 61
567 683
602 453
443 259
758 50
61 194
870 600
743 426
731 886
438 532
610 125
115 649
811 380
467 4
585 937
897 613
737 870
918 413
794 231
279 365
916 527
853 696
158 518
362 977
679 972
3 375
827 521
153 134
672 614
196 364
324 185
953 687
845 585
521 915
961 98
301 151
728 701
603 571
305 220
491 553
419 340
376 791
824 811
896 328
36 427
385 245
579 505
996 553
409 767
653 68
793 410
586 537
695 233
664 835
646 823
404 454
888 820
67 388
12 515
984 226
536 445
976 836
96 402
281 550
923 915
100 604
508 97
271 903
772 632
741 93
281 727
854 276
547 748
273 551
327 364
483 178
66 502
543 632
158 414
750 84
199 310
860 748
221 794
186 975
868 39
27 449
377 516
714 653
803 852
950 517
649 62
407 282
553 666
494 624
24 462
118 172
998 896
692 235
105 823
808 488
57 564
722 958
173 714
50 279
434 182
274 335
956 791
917 875
942 742
265 912
362 979
783 498
838 369
204 611
510 523
637 839
288 590
991 310
424 158
226 278
762 196
157 920
691 192
344 981
254 376
515 46
723 211
559 441
874 301
997 408
862 266
168 274
22 477
7 267
746 867
837 660
533 975
188 956
120 90
376 196
28 853
267 55
418 953
167 726
769 537
558 477
7 41
157 476
177 262
822 470
639 909
767 638
56 544
536 362
719 763
390 221
927 782
677 999
487 775
186 641
509 715
65 597
439 672
480 575
981 593
381 497
937 667
296 999
976 191
890 669
797 447
599 119
109 263
827 779
534 902
292 9
61 612
210 661
748 738
747 945
786 963
15 23
769 567
65 786
127 13
14 213
723 871
90 327
971 210
130 942
863 320
518 293
450 172
265 321
29 488
565 214
998 940
952 884
860 901
221 689
517 484
944 775
593 518
761 484
283 18
411 217
340 225
808 339
624 160
221 290
203 283
645 320
389 642
305 719
606 175
952 594
477 969
683 674
559 127
482 801
283 304
732 577
988 507
516 322
154 15
781 98
359 819
135 805
785 496
568 896
698 563
845 640
844 853
743 33
159 48
991 791
742 411
339 468
529 900
178 52
282 511
702 885
872 512
390 415
506 770
676 844
589 413
685 906
160 763
396 331
920 37
258 980
817 355
232 157
358 589
470 139
237 916
807 264
632 350
432 606
569 371
494 236
481 787
996 86
65 988
797 387
185 491
488 340
271 157
863 279
111 466
441 706
553 632
697 497
401 220
701 457
703 271
473 194
881 205
274 501
625 976
117 691
653 695
395 651
308 692
278 324
283 510
946 274
620 445
655 334
880 18
992 700
188 433
942 286
193 493
514 481
752 92
71 260
311 309
370 979
886 395
249 54
72 601
749 641
917 597
211 110
286 636
322 941
749 530
608 746
883 544
793 840
957 709
525 385
233 379
639 39
822 717
550 604
809 470
206 166
23 948
292 178
391 48
965 219
35 26
770 475
21 211
205 342
940 783
10 324
488 982
950 208
571 45
185 986
334 181
361 249
859 790
438 407
519 474
704 633
744 438
561 39
233 951
305 482
492 676
650 406
744 453
138 194
447 92
382 332
794 905
890 866
318 459
871 677
328 571
556 899
540 536
686 778
446 111
985 767
972 979
380 358
398 125
57 829
798 322
151 927
777 84
18 48
346 677
97 745
903 75
251 352
217 176
643 588
493 739
757 566
190 733
598 206
269 210
592 499
904 911
523 871
122 110
527 887
628 948
666 649
928 690
5 633
300 639
616 520
363 25
169 352
720 151
892 828
698 649
573 215
480 138
227 903
908 92
403 688
676 192
453 201
519 634
885 214
707 746
342 313
171 537
983 990
714 369
533 795
241 733
846 338
849 414
310 795
504 333
214 520
659 877
732 77
770 302
2 708
833 930
975 283
163 811
771 464
793 352
483 501
52 497
854 708
82 696
414 779
428 611
603 23
548 700
510 803
369 445
630 112
925 54
268 799
270 245
20 484
324 818
496 151
939 279
99 498
887 117
47 882
431 403
14 105
911 997
489 774
183 893
423 527
869 555
818 559
545 877
32 152
994 492
946 331
982 373
514 647
435 242
311 607
683 552
32 596
248 613
231 292
344 184
344 934
41 248
459 601
478 327
559 90
616 612
532 929
765 259
224 333
44 600
282 101
653 50
227 908
210 771
712 577
126 183
370 729
211 407
763 834
15 783
552 441
261 651
888 497
392 886
724 863
928 920
546 587
528 66
659 792
124 877
81 784
618 201
672 865
162 654
825 625
328 951
605 154
957 832
776 573
129 811
42 540
426 383
263 352
752 937
949 833
594 909
261 335
264 765
674 56
968 837
897 351
495 376
17 628
622 8
309 196
142 796
534 886
263 804
942 212
238 820
399 764
916 545
460 421
99 127
51 192
311 562
50 312
394 902
217 235
970 377
862 171
188 589
207 370
505 22
97 876
350 366
562 302
322 273
258 79
27 822
84 973
714 68
808 1
93 9
774 746
225 113
44 467
124 865
286 400
14 931
813 417
11 875
12 128
332 677
708 280
72 250
291 344
497 627
998 193
376 848
698 133
452 156
220 321
884 232
923 828
410 665
196 234
414 161
2 575
298 646
975 576
489 753
39 157
993 673
119 403
980 921
584 450
513 986
788 212
906 187
485 470
214 252
513 843
950 672
418 497
614 733
53 291
751 828
869 641
483 90
933 932
844 65
38 8
114 354
498 517
528 770
69 686
765 961
515 540
647 823
28 133
377 285
696 167
644 613
364 92
689 690
107 862
182 656
883 773
26 132
321 576
298 658
221 39
387 365
207 116
64 494
176 744
304 445
378 514
699 260
867 602
686 2
357 437
788 436
951 490
3 426
353 817
463 316
106 27
739 670
803 295
439 807
798 506
719 135
280 195
718 173
295 420
647 147
780 816
234 374
107 524
510 475
718 220
439 965
261 485
579 374
898 598
37 954
594 425
812 496
544 894
985 988
548 522
811 168
523 252
581 590
285 1
952 258
872 423
882 78
829 565
209 504
985 367
307 791
20 432
890 436
817 842
415 511
381 985
703 290
616 220
139 975
805 163
378 243
730 332
661 794
578 136
190 706
363 250
606 330
143 712
814 407
652 534
526 11
183 700
644 946
187 697
387 427
944 988
729 302
967 284
400 46
790 383
766 622
878 817
537 524
301 499
249 834
512 862
657 347
755 584
771 239
166 743
64 377
301 4
261 971
188 922
580 500
980 430
728 703
12 328
552 365
366 965
239 313
480 344
814 813
68 55
237 680
197 614
825 709
738 842
685 977
779 148
371 295
911 435
72 272
23 886
493 352
940 161
711 742
339 684
884 454
724 579
209 314
375 205
160 770
342 510
308 186
65 923
103 947
986 5
678 727
290 524
973 265
920 683
498 875
51 457
184 230
137 873
321 83
569 245
553 664
208 683
687 845
448 346
377 356
963 557
912 553
89 88
580 100
697 665
626 337
761 462
333 797
50 277
689 207
394 995
199 884
393 538
863 157
611 76
903 890
725 220
636 521
69 408
144 865
463 176
724 893
197 484
342 759
680 962
41 776
83 389
213 522
297 551
687 374
358 136
617 587
509 25
840 486
150 494
608 770
275 949
862 667
40 944
421 869
449 890
671 947
49 96
779 474
452 123
538 996
653 501
837 360
73 763
111 919
208 414
486 409
94 958
280 170
561 239
671 358
897 11
747 516
622 496
569 740
72 268
539 972
276 158
462 765
697 136
555 358
138 404
242 87
663 988
797 445
584 310
507 89
289 142
755 303
560 271
214 64
843 688
165 388
174 741
21 928
558 513
69 824
855 969
151 181
153 270
265 327
817 914
105 640
236 174
753 28
277 796
631 87
868 315
942 550
445 86
232 369
363 309
218 592
919 306
978 778
425 922
959 605
463 802
274 689
577 8
317 781
396 156
969 678
875 354
625 260
331 433
117 96
581 465
528 739
670 930
325 147
880 214
130 36
535 480
278 11
154 13
691 222
322 839
897 675
900 562
672 561
340 679
79 792
641 678
816 396
266 933
641 727
775 241
976 706
884 971
831 716
780 190
983 897
126 406
736 66
86 152
647 174
232 481
621 889
984 912
713 374
340 398
970 623
132 748
600 672
694 126
714 191
176 584
129 822
3 781
742 842
802 23
660 169
592 687
59 546
959 479
945 517
858 238
217 670
682 944
223 464
812 307
760 516
797 385
356 247
468 521
507 101
160 988
310 512
4 875
748 704
108 679
494 460
702 145
924 187
281 943
716 705
86 170
222 314
4 905
943 382
726 122
594 591
576 543
744 837
506 120
514 733
934 166
882 751
960 365
743 562
890 226
700 109
178 230
70 920
456 540
414 911
807 573
131 36
153 540
878 176
922 787
959 710
528 688
451 771
865 273
757 227
170 981
139 622
89 547
788 881
311 164
280 520
626 432
944 543
598 620
802 661
876 262
549 184
330 535
205 626
957 707
912 76
855 659
704 302
499 474
672 972
12 165
343 341
733 173
310 390
684 375
488 984
949 629
510 329
2 766
618 14
361 255
396 554
293 834
349 582
298 744
190 474
814 752
450 319
613 290
111 60
537 141
741 469
564 626
234 553
271 940
733 529
115 294
319 912
391 519
674 97
986 447
324 570
329 912
459 277
359 820
51 639
71 360
613 973
373 616
523 477
617 266
138 949
959 781
731 286
753 250
688 619
7 725
296 404
403 664
21 841
174 597
446 734
198 303
53 472
327 201
60 324
283 47
675 865
235 822
603 568
936 339
41 113
227 60
743 598
356 702
783 411
580 890
536 732
575 581
598 430
302 219
250 264
406 117
335 401
541 710
874 421
766 623
770 232
457 35
538 380
316 354
211 12
876 362
770 155
791 243
278 930
961 748
73 508
530 812
295 405
914 17
228 600
465 378
211 362
231 855
608 982
884 3
319 496
301 805
418 3
594 104
81 187
620 660
183 438
901 615
397 776
859 997
751 179
205 43
135 320
929 215
983 28
877 761
859 18
950 777
171 116
733 742
111 310
683 465
106 154
6 207
156 375
213 258
927 730
414 555
643 895
772 665
95 866
244 370
99 359
543 522
90 366
494 388
976 387
853 195
468 807
985 507
605 802
147 842
547 965
905 282
9 813
708 745
549 683
762 894
763 171
526 117
480 513
696 352
164 286
832 352
575 744
724 310
687 930
986 374
438 580
577 476
726 767
72 516
201 992
737 790
75 907
9 470
616 757
785 104
321 527
179 921
878 789
662 966
40 433
236 398
871 516
505 715
855 387
97 401
150 133
33 905
917 365
186 217
974 886
63 573
581 48
215 342
510 310
100 475
999 374
505 918
914 992
22 810
920 349
297 994
229 487
802 129
55 687
573 814
868 642
449 564
910 939
967 718
418 265
55 732
204 314
204 678
719 616
485 303
512 389
53 43
972 823
258 785
958 870
280 329
120 729
228 7
929 108
930 287
617 305
710 216
238 843
61 326
919 766
722 748
392 97
928 147
611 316
498 543
728 448
982 437
144 529
734 210
500 135
800 76
375 276
550 24
126 308
350 50
316 230
562 714
529 275
394 900
568 327
38 351
810 268
302 160
965 672
16 46
839 139
364 297
754 609
539 119
867 322
889 510
268 423
362 262
533 669
148 765
865 357
909 170
398 657
569 499
844 961
461 547
960 206
653 165
982 203
899 702
150 161
889 841
943 620
311 212
549 485
935 908
849 587
888 15
745 394
690 317
327 860
733 249
92 231
755 801
846 392
479 673
741 734
936 153
447 327
214 566
475 6
662 302
667 644
219 582
245 944
211 512
729 963
767 543
256 1
741 432
155 821
941 686
779 223
177 513
401 661
302 708
377 886
11 390
565 883
603 32
950 311
534 566
612 306
100 110
720 16
74 897
695 609
420 661
882 40
129 576
460 150
138 428
446 449
584 674
60 579
5 78
282 709
592 32
617 446
820 69
790 789
661 659
960 576
377 690
216 240
715 246
990 828
661 772
758 264
868 472
579 903
766 775
952 150
507 928
193 369
766 918
18 542
563 40
781 161
586 331
804 262
291 941
697 946
350 328
334 589
923 176
329 635
31 919
143 773
496 748
788 993
130 23
205 625
81 547
409 84
283 575
729 611
412 857
935 803
192 813
270 902
325 313
331 920
794 464
813 20
300 105
487 533
438 507
793 24
498 302
996 561
469 191
694 168
988 909
862 882
349 581
228 874
929 345
310 848
538 767
686 559
926 126
95 619
370 86
833 662
63 9
301 644
328 574
882 253
740 227
99 765
171 152
47 517
138 803
912 914
164 807
167 845
20 451
350 974
61 681
906 300
73 690
604 513
825 212
936 358
462 47
702 178
502 948
869 985
695 875
644 271
455 992
834 141
447 429
998 920
30 926
91 668
124 302
888 830
924 446
941 888
568 400
307 420
183 521
221 758
536 686
856 395
620 412
692 817
731 989
164 330
401 527
169 468
443 789
72 745
416 619
574 388
957 260
947 274
948 761
213 811
652 197
696 609
766 767
948 872
698 519
741 931
357 938
785 445
917 328
774 579
810 792
851 204
463 274
111 780
663 677
907 255
103 408
567 9
366 954
38 597
281 264
263 232
50 759
72 387
113 617
310 141
581 782
693 452
950 477
163 957
517 534
918 575
25 956
462 747
369 261
386 125
96 615
295 57
261 249
134 377
614 679
125 996
185 439
848 401
223 299
540 639
426 75
601 639
268 794
360 203
700 885
186 766
998 858
900 918
950 537
130 966
312 925
114 345
817 884
62 659
643 540
726 931
431 720
972 295
575 666
62 299
890 168
402 404
645 360
442 324
667 416
361 975
987 911
783 510
17 235
805 18
990 22
995 560
762 81
466 370
412 588
911 602
473 586
984 341
210 879
942 452
231 7
388 229
435 514
718 647
426 919
260 703
120 896
766 283
857 541
343 574
932 73
537 671
738 296
756 616
473 400
67 552
620 836
903 395
898 216
3 484
296 634
975 474
408 340
797 966
124 574
767 772
475 140
254 458
67 326
470 897
327 776
163 891
516 829
944 100
876 431
3 787
262 12
779 178
606 832
567 307
128 480
449 169
223 617
65 603
181 101
475 840
403 23
833 606
781 790
963 975
177 966
382 69
255 809
481 868
152 644
713 869
473 456
716 444
644 417
664 287
350 902
425 365
791 365
377 548
138 586
123 24
485 657
288 51
180 193
751 650
790 782
402 71
185 562
631 160
272 833
319 542
804 958
416 983
435 53
442 859
777 482
834 245
527 138
794 412
363 311
236 63
952 888
340 237
507 628
15 249
723 548
939 675
122 421
831 714
372 726
970 247
222 152
300 578
502 440
692 920
112 290
476 259
18 586
737 930
581 241
861 1
918 200
802 593
50 970
159 60
415 198
715 964
789 341
115 784
22 364
996 655
278 730
600 388
250 773
860 78
92 224
314 38
394 94
270 709
263 943
163 791
606 521
949 817
162 69
897 158
217 152
885 719
690 649
104 844
980 821
402 743
993 678
523 213
992 396
471 275
788 215
833 570
346 371
394 402
177 994
609 999
773 150
257 4
394 613
881 487
161 974
471 593
78 653
699 318
228 282
985 385
52 1000
424 655
136 3
136 375
914 14
240 215
667 330
152 813
326 485
924 91
653 691
431 197
35 740
917 782
496 432
4 169
706 287
139 642
877 294
880 22
992 688
62 626
355 452
965 643
786 374
331 607
559 249
245 61
746 626
728 25
1000 798
417 774
808 81
187 644
595 363
705 511
874 478
272 158
1 496
771 244
240 738
898 550
257 342
676 63
115 895
23 944
462 208
638 361
340 564
269 592
883 322
662 754
432 967
183 390
138 285
232 432
139 44
307 287
850 24
676 876
662 459
354 878
25 822
311 319
114 217
946 161
903 731
768 73
971 594
368 538
940 335
356 6
11 421
323 343
473 358
346 28
864 593
369 405
5 143
868 953
831 55
229 865
671 465
750 445
989 935
665 529
795 590
929 900
179 293
15 75
76 107
155 348
1000 303
378 143
454 301
365 131
539 498
703 303
174 603
191 539
235 228
437 903
796 114
953 295
250 52
982 365
674 658
986 608
882 529
170 892
938 783
173 626
899 248
142 390
880 129
610 118
115 652
331 635
829 216
888 652
793 703
975 163
26 22
580 721
945 340
144 437
110 768
883 512
554 736
538 237
353 993
118 547
49 488
989 180
373 415
11 948
21 243
409 849
525 643
271 639
733 800
326 766
457 637
223 854
135 412
270 701
822 126
510 506
974 421
99 941
599 776
266 44
439 603
929 213
267 970
604 849
69 848
334 428
592 873
55 619
632 410
662 96
158 368
569 431
76 169
132 363
25 733
389 68
563 694
640 398
20 480
869 373
753 228
913 603
976 389
635 152
835 407
431 415
809 811
95 2
886 779
707 636
374 223
105 826
252 575
127 445
626 332
735 50
170 742
356 717
700 698
44 822
705 20
467 201
912 458
108 173
631 771
687 29
987 831
602 457
978 726
691 199
913 833
880 828
349 647
277 298
61 451
317 569
837 162
675 347
36 135
778 615
71 895
362 226
963 407
721 538
6 954
651 307
799 139
413 988
125 466
439 872
261 536
907 26
671 77
264 134
327 779
328 955
864 221
974 208
997 927
343 125
202 815
667 760
977 483
852 962
599 812
102 716
30 121
214 266
29 959
690 859
158 221
842 878
211 821
549 878
532 57
593 445
721 128
964 556
364 720
346 839
498 709
833 383
62 27
710 531
393 270
238 565
655 34
895 745
198 587
473 120
381 863
240 349
85 829
251 191
381 816
139 776
708 719
485 882
326 446
277 650
23 378
460 560
464 947
800 189
532 742
70 947
986 600
145 8
402 505
300 85
390 965
482 826
746 543
395 977
657 6
970 71
413 140
353 79
88 268
841 242
904 568
357 912
144 509
993 136
281 52
304 243
413 527
819 564
90 684
399 716
71 867
419 130
917 399
205 685
82 56
944 291
708 260
376 229
214 709
926 257
885 696
629 774
323 220
548 566
542 903
394 95
236 832
664 785
572 682
828 540
973 965
102 793
964 76
486 440
414 165
842 672
113 560
419 625
775 921
523 71
483 386
358 582
967 684
949 161
168 990
189 748
650 78
299 116
9 335
401 548
328 516
682 959
720 262
82 527
691 903
674 203
91 871
293 751
5 59
778 381
349 843
764 70
13 736
875 158
493 984
975 939
901 113
464 738
321 111
956 519
848 888
225 2
584 898
273 925
551 326
501 287
581 799
437 979
705 35
317 189
635 430
606 999
412 663
565 471
14 327
298 140
616 529
586 13
797 109
918 280
386 105
79 788
429 837
156 515
231 249
417 773
553 145
910 692
386 24
348 968
67 965
947 425
71 545
789 406
230 386
31 183
55 45
775 820
887 816
803 183
456 42
497 51
462 64
892 103
99 323
245 993
46 754
198 560
931 168
698 165
292 662
299 178
375 967
362 734
242 952
445 757
211 911
87 32
968 818
113 685
848 280
798 954
671 456
87 145
536 69
989 172
313 204
846 934
960 785
461 508
356 150
485 502
217 872
574 876
673 45
801 208
530 494
89 166
971 298
716 453
476 866
368 347
332 510
61 792
62 211
962 69
104 357
749 139
462 834
790 823
347 667
569 173
778 627
122 137
259 442
833 65
389 547
175 118
369 929
317 193
752 938
74 502
645 387
136 749
37 752
799 594
892 714
144 136
53 872
499 748
886 488
135 586
110 918
456 281
348 799
996 915
50 928
818 219
196 731
645 822
685 265
281 67
979 20
905 921
139 365
103 180
624 357
715 574
276 322
980 426
907 241
489 2
104 40
721 735
997 890
634 932
949 967
854 915
663 901
959 306
656 733
365 807
403 140
388 984
810 374
275 509
777 776
850 686
787 355
381 600
792 203
888 196
542 411
191 203
68 518
815 235
240 419
536 208
313 345
449 105
912 783
584 764
865 801
683 240
687 728
356 488
105 680
217 102
105 825
235 646
74 264
701 381
829 424
282 989
874 851
13 155
948 266
296 175
543 472
706 324
13 236
705 132
45 667
139 602
268 446
553 88
591 481
644 801
631 691
292 155
592 754
663 116
386 192
261 980
297 555
705 422
83 118
452 833
867 662
67 554
466 594
732 776
879 587
970 661
367 295
957 633
137 952
357 861
158 774
894 12
931 2
399 536
880 618
239 345
988 960
955 265
495 48
560 199
673 568
301 919
105 46
492 858
663 937
595 975
870 375
11 270
214 267
162 174
195 474
458 809
656 584
324 750
91 237
128 401
845 60
646 98
830 336
595 557
962 376
526 377
860 607
682 875
800 754
473 462
839 786
554 289
549 618
52 22
367 671
454 881
401 123
972 246
703 358
155 436
994 884
378 55
70 801
970 275
134 822
899 428
325 893
662 532
630 152
959 686
653 879
92 335
782 877
785 63
469 446
640 838
588 644
855 242
222 158
294 571
499 567
101 855
87 356
141 172
442 413
723 772
671 748
432 347
421 541
650 809
101 521
343 732
434 664
720 925
883 507
835 155
465 310
357 992
604 295
272 338
555 877
901 777
98 699
55 801
699 74
183 213
477 217
879 984
854 938
86 512
927 202
396 514
56 595
272 624
715 804
955 277
118 447
775 6
88 387
724 206
396 913
483 238
93 633
665 360
447 38
621 919
237 910
538 521
99 629
225 786
65 549
549 607
610 64
342 459
18 405
402 884
490 68
8 643
134 327
318 416
47 610
747 770
18 292
98 612
392 177
742 659
384 565
276 515
705 663
652 954
820 64
143 477
626 435
499 430
772 483
664 534
242 424
557 799
624 586
892 338
514 806
770 732
95 69
277 13
877 147
80 561
852 823
682 102
620 443
929 570
811 764
507 530
145 491
588 857
592 412
369 533
499 610
961 841
544 223
378 813
452 596
587 147
292 509
953 192
856 208
987 504
239 733
793 673
334 707
616 816
374 704
32 641
876 258
733 391
805 778
241 969
150 209
170 676
746 891
235 283
642 121
36 216
407 595
968 375
254 148
914 773
384 280
774 501
37 835
580 179
873 463
983 790
968 85
841 809
346 329
93 556
635 709
263 1000
883 197
430 765
366 255
99 512
817 385
661 240
973 62
63 10
125 989
254 675
313 211
428 516
602 203
482 349
9 91
427 324
195 672
473 6
222 81
55 852
173 829
856 705
804 865
198 400
479 249
167 399
697 640
57 545
28 314
168 653
400 348
108 52
50 509
416 767
793 611
645 386
793 321
335 492
987 981
749 718
752 126
734 34
93 170
566 101
156 608
745 88
205 897
455 869
82 223
541 996
301 127
103 183
434 672
92 388
710 884
715 910
439 774
81 814
984 570
488 824
654 863
935 550
955 236
423 274
426 498
923 842
50 754
390 232
767 720
592 732
123 527
973 81
224 688
902 87
315 619
686 590
156 429
29 985
871 630
987 93
848 261
901 261
152 316
797 963
466 676
267 605
986 415
604 962
309 234
916 326
533 650
6 314
32 321
532 150
769 556
75 357
534 876
756 948
479 207
14 192
222 359
829 709
955 886
759 388
531 71
256 679
246 488
925 707
344 96
83 573
71 164
679 421
151 12
779 815
566 376
307 306
365 536
925 65
95 435
960 472
766 572
418 524
456 679
454 470
258 101
378 516
301 321
89 543
519 568
629 413
331 758
727 800
728 834
124 859
965 123
693 922
552 16
537 668
560 523
262 455
34 446
917 361
59 81
499 406
7 401
452 96
326 585
422 904
249 556
935 199
876 767
851 809
625 953
225 555
957 858
893 92
125 50
676 678
38 715
455 168
917 188
250 570
602 791
928 747
972 732
787 17
229 992
552 906
493 208
649 272
959 55
318 389
835 253
6 426
432 568
569 457
753 420
627 383
384 699
612 489
775 481
856 923
907 553
108 696
583 684
403 502
99 391
691 587
896 536
553 622
617 420
497 320
128 830
173 773
793 619
398 174
56 321
705 980
887 127
541 326
210 57
866 480
417 478
455 344
294 862
260 858
479 342
544 69
474 537
69 470
161 907
182 799
199 855
572 403
517 382
275 1000
919 190
320 20
448 89
97 870
630 8
18 566
24 903
611 845
353 77
671 751
339 14
288 720
418 643
257 775
560 600
761 41
762 338
951 412
555 991
865 91
506 28
872 873
562 157
638 368
514 88
699 476
885 313
528 164
361 117
254 200
648 577
124 646
171 756
816 239
123 571
341 716
747 441
961 382
201 429
115 51
850 962
153 274
214 421
949 830
328 808
437 202
242 914
996 383
923 931
786 749
253 370
682 554
369 285
976 771
177 918
915 864
831 28
959 43
891 353
375 176
221 810
517 781
362 739
369 127
587 659
997 373
691 566
303 324
674 824
493 982
459 74
207 792
462 883
47 835
639 805
749 165
41 2
94 362
187 836
389 956
970 421
109 151
130 572
188 362
189 31
815 319
563 270
891 941
588 971
477 772
596 462
71 364
628 863
779 887
653 914
503 705
41 826
259 143
495 437
171 788
117 240
67 967
451 548
274 963
854 612
62 802
602 799
879 500
70 345
394 142
607 514
457 501
101 445
894 250
487 640
895 263
9 589
991 880
405 125
998 20
824 791
441 329
8 868
499 255
524 340
90 928
309 322
555 630
684 402
428 336
855 475
508 230
860 371
884 377
246 854
923 911
746 358
125 875
769 293
254 593
347 209
20 233
976 239
778 61
550 305
413 454
289 216
18 502
388 772
834 884
982 164
273 716
310 737
242 42
778 287
720 94
325 752
276 544
522 792
213 75
591 950
66 831
857 216
363 355
219 259
743 764
890 683
925 623
765 848
718 906
661 917
779 770
541 447
815 64
709 589
828 205
867 305
801 643
783 535
363 30
678 331
3 65
166 575
593 865
316 392
62 764
197 411
73 133
861 164
179 331
224 279
687 344
343 534
658 558
326 832
384 455
719 171
558 239
361 275
859 572
72 858
288 887
36 253
755 767
917 340
106 182
831 690
348 930
245 673
732 213
34 381
253 103
471 144
326 765
664 988
413 791
215 175
822 125
788 453
368 814
217 575
868 40
419 523
459 470
819 747
115 408
850 797
834 694
265 145
871 625
911 302
824 384
519 159
38 910
811 138
104 22
397 997
659 302
497 121
740 131
907 524
655 858
893 507
548 778
792 380
242 271
617 489
321 164
319 657
782 347
881 428
916 677
576 702
170 451
744 996
548 386
195 556
734 707
919 439
780 198
485 859
948 357
606 409
368 39
705 120
722 950
669 733
84 355
340 213
88 102
839 13
930 811
939 699
634 177
336 547
307 309
743 454
727 989
191 879
801 687
452 685
645 630
803 718
596 228
779 524
8 350
572 93
311 767
785 268
658 530
334 427
816 486
983 522
897 891
443 241
854 797
563 544
894 79
784 211
326 590
537 445
422 905
918 770
760 50
577 908
301 772
528 200
957 857
530 993
512 380
931 354
955 217
238 272
291 976
996 324
389 370
963 149
232 169
394 152
930 54
146 617
664 214
150 693
251 884
603 475
198 797
419 692
466 774
410 977
730 970
678 666
366 406
8 376
579 227
262 701
471 617
937 445
796 352
211 604
589 436
109 33
476 804
919 618
504 651
930 621
847 964
28 184
835 568
458 979
682 429
4 177
408 986
338 615
501 169
468 584
948 488
87 780
382 612
296 143
896 942
451 877
473 569
594 711
900 282
210 700
541 536
376 300
925 889
714 252
577 300
245 470
942 484
178 433
985 994
758 796
16 171
658 630
201 225
930 923
921 216
154 830
208 224
90 683
702 914
974 855
775 866
176 944
802 988
515 417
813 188
409 782
600 567
530 946
695 184
974 113
723 307
335 569
211 519
819 836
357 418
68 811
508 50
574 533
233 790
264 640
266 370
843 628
596 932
371 619
669 208
906 162
400 1
891 955
91 888
845 431
294 191
178 604
30 645
927 665
130 795
347 515
4 992
460 226
668 287
544 277
527 468
143 479
476 776
682 111
557 797
123 809
910 119
325 573
786 193
787 232
78 947
743 731
70 771
147 758
80 563
322 528
40 193
218 21
840 872
605 440
883 778
439 347
335 443
410 110
448 213
601 273
231 250
344 998
168 180
999 241
913 782
663 446
576 64
171 932
61 563
943 926
253 864
606 828
664 547
931 79
418 902
590 720
148 355
991 883
997 754
279 663
598 947
158 860
896 357
915 707
382 318
920 363
613 418
582 487
417 311
163 823
458 909
220 160
25 826
517 182
229 58
266 52
342 267
401 731
238 456
811 784
708 168
747 706
198 970
39 190
955 529
445 611
397 960
803 581
454 755
716 738
682 926
440 93
80 68
470 393
158 762
275 141
95 884
901 449
99 369
762 531
542 461
191 289
178 576
269 299
839 373
142 991
76 103
740 462
479 122
228 314
527 40
36 274
935 998
929 873
706 39
961 408
464 592
932 461
990 797
882 698
900 45
191 445
187 134
875 463
169 78
786 455
292 396
244 901
83 257
946 129
748 117
426 671
435 444
53 885
919 86
151 456
942 977
981 393
400 948
157 828
214 951
896 692
310 346
548 2
35 81
614 263
814 965
112 731
477 461
450 664
46 674
144 395
693 557
732 69
769 245
704 558
44 71
82 398
135 408
581 888
675 255
508 148
897 169
276 18
85 654
674 445
17 870
380 990
474 407
57 421
319 313
955 460
856 867
509 992
859 104
362 576
915 810
276 880
355 793
707 76
800 634
391 609
582 892
696 699
808 917
897 484
238 198
144 101
405 709
156 333
892 71
983 376
949 440
915 8
43 965
639 879
644 345
403 333
942 930
857 138
53 606
825 356
36 632
19 394
4 222
463 923
467 348
128 118
291 522
683 544
120 568
925 995
303 947
363 108
112 172
420 253
745 852
805 89
344 815
145 322
156 702
233 940
526 264
13 459
399 982
970 958
952 669
476 171
904 512
789 459
383 724
97 427
282 271
373 71
770 488
510 169
97 735
521 950
791 386
560 924
263 37
875 789
987 511
879 709
805 546
955 157
776 824
284 939
988 963
71 921
737 325
813 232
972 806
466 981
431 805
694 149
533 25
93 530
322 736
851 442
251 646
16 667
646 923
704 808
543 289
