985
368 532
388 160
108 67
571 545
597 446
237 154
142 144
371 784
199 7
144 322
308 183
238 18
105 572
45 156
301 799
356 428
832 158
309 274
702 18
925 733
433 305
276 89
41 235
148 165
412 430
82 85
130 301
583 529
54 557
277 154
780 321
10 66
351 516
219 357
126 38
862 863
259 90
37 177
823 723
440 61
467 253
226 283
155 68
273 4
121 228
478 534
667 245
144 154
582 346
349 229
55 481
378 150
527 65
656 582
158 25
745 157
408 905
40 207
882 463
768 31
38 11
646 140
541 609
822 528
24 216
297 525
280 26
587 333
928 560
442 641
736 26
599 458
392 464
47 173
512 405
978 611
261 180
5 755
447 241
871 512
284 146
296 517
53 77
271 866
788 887
691 54
792 818
757 87
846 61
420 406
252 209
653 233
969 161
139 71
317 419
8 132
191 361
7 14
457 741
581 529
911 594
161 73
72 115
406 513
338 369
14 30
299 17
210 159
661 111
405 578
124 692
502 657
125 445
611 149
90 188
607 511
569 485
839 484
457 67
263 251
306 193
307 109
430 666
49 62
189 659
204 114
568 146
350 134
120 64
820 580
76 391
774 917
119 87
790 598
847 425
340 603
138 45
26 491
137 537
293 26
196 285
144 438
819 637
548 24
401 240
109 731
620 811
106 51
426 864
395 201
63 83
867 916
710 491
2 3
637 5
723 147
258 577
126 728
171 773
427 670
608 570
954 247
206 161
620 462
354 664
333 115
524 830
732 219
101 956
505 135
814 640
690 216
751 285
381 34
178 385
215 754
17 104
629 857
280 771
240 743
375 413
63 36
103 97
142 86
3 405
127 20
13 487
971 907
50 394
88 18
128 809
219 432
197 156
15 254
42 176
116 121
749 605
530 150
145 113
60 232
170 88
78 31
187 96
643 477
393 455
647 283
432 808
46 42
379 254
888 8
695 670
196 776
8 166
493 676
67 9
387 606
505 684
69 113
562 11
29 16
323 596
503 280
169 165
762 903
940 438
796 163
144 159
937 634
186 781
21 55
472 52
220 225
716 375
724 40
97 112
483 268
671 475
425 61
454 50
685 65
180 69
300 268
212 315
512 539
65 392
598 519
625 328
484 669
3 149
614 420
632 640
25 11
188 416
982 670
448 121
468 111
592 851
506 422
35 12
233 318
593 399
540 319
298 251
963 25
68 157
5 1
802 972
171 966
288 312
425 547
983 678
371 272
205 985
344 124
56 39
94 332
14 24
171 100
253 131
191 294
251 186
5 465
696 853
411 414
674 98
136 209
330 20
63 90
886 363
663 668
177 229
267 296
942 372
91 245
332 632
758 417
317 918
212 64
425 909
854 524
704 766
896 899
509 558
760 962
859 273
353 782
875 812
111 129
91 59
561 487
406 240
400 522
114 359
950 638
101 62
824 76
450 20
132 924
216 872
908 437
96 46
553 238
902 596
915 183
807 941
515 368
478 812
613 841
54 31
13 541
413 753
44 34
27 5
618 342
121 895
116 146
68 47
786 409
61 22
390 446
334 222
89 213
772 163
455 836
471 110
278 760
19 17
373 699
474 203
59 451
574 2
82 15
28 844
563 417
2 7
747 221
926 756
409 478
246 896
52 914
672 160
402 66
274 375
797 782
617 252
360 267
713 295
196 6
459 584
654 542
37 944
302 417
461 602
974 938
218 109
422 274
143 118
340 325
54 214
357 697
931 299
287 239
652 486
844 927
576 615
130 118
311 11
39 13
123 140
260 225
467 730
791 270
73 38
70 105
47 265
358 93
22 4
456 349
823 829
648 601
600 570
323 257
410 957
408 76
530 762
178 35
189 734
125 32
782 850
356 5
810 340
495 53
221 10
68 601
124 77
180 633
708 679
8 884
66 211
274 226
934 763
16 429
688 22
340 721
79 46
372 91
272 135
43 74
621 23
382 256
83 626
71 480
496 446
26 514
109 407
523 292
458 80
842 209
409 68
21 9
826 566
1 71
50 486
123 629
733 634
10 8
951 264
67 719
132 849
291 126
288 240
869 731
402 852
889 2
11 16
823 955
175 590
802 170
95 44
376 259
81 848
123 121
388 521
17 8
228 389
193 86
76 10
81 151
40 248
268 439
85 870
412 287
576 726
464 948
573 933
623 267
84 764
241 65
22 162
484 683
906 282
959 378
291 324
281 179
627 525
689 735
923 244
304 570
910 452
102 19
952 405
200 145
199 224
29 80
400 57
189 82
64 477
362 72
195 821
329 337
160 153
70 14
11 26
38 366
260 305
715 628
529 214
250 384
19 167
552 801
139 282
171 510
220 4
560 770
147 42
434 182
67 198
873 226
108 662
297 453
6 18
167 239
560 340
646 900
390 508
520 66
363 35
278 55
48 706
862 796
976 172
612 132
528 328
306 913
64 61
504 209
2 195
289 169
81 37
132 660
99 398
538 38
75 675
66 404
72 18
108 489
919 593
130 740
783 703
152 194
253 319
269 236
192 21
326 117
921 570
137 120
288 673
84 49
199 426
554 275
549 456
66 141
535 458
351 317
147 636
444 475
247 191
74 219
309 373
182 135
483 712
204 266
381 831
59 403
390 437
650 574
502 29
289 759
335 630
694 40
14 418
363 725
157 257
331 868
365 263
258 390
285 555
33 94
494 478
793 392
154 302
22 49
493 257
680 681
325 132
174 88
73 109
898 335
153 327
370 552
136 117
31 25
186 421
235 507
32 31
883 541
27 890
99 255
700 472
628 191
517 686
243 304
328 97
443 32
452 330
215 11
329 960
630 777
737 566
722 485
984 925
138 191
131 83
217 879
46 231
392 565
378 473
46 98
359 586
290 134
164 86
175 67
121 559
59 111
211 679
536 374
610 379
63 230
510 763
478 638
9 42
296 526
25 100
346 260
80 792
585 834
356 579
18 69
427 79
150 128
190 180
618 897
72 116
96 964
243 227
658 211
892 791
137 634
500 84
170 205
767 323
226 210
431 2
48 40
609 635
10 15
805 943
192 742
86 435
542 876
837 378
1 4
47 35
193 258
398 833
15 20
393 33
168 233
239 711
682 193
977 162
488 451
45 3
201 169
117 30
237 806
137 397
630 880
787 669
53 107
30 58
127 613
313 860
432 718
585 471
135 148
214 341
94 264
255 490
644 429
461 340
739 275
335 1
380 343
437 815
306 707
324 894
785 452
689 284
795 447
120 352
939 324
168 320
307 348
616 399
134 482
717 794
509 258
57 54
249 100
345 155
79 874
576 250
893 602
93 33
444 263
945 476
511 346
835 337
113 353
631 214
744 62
861 315
485 372
213 778
855 139
281 367
249 275
492 110
370 37
867 535
698 683
260 556
8 805
227 38
677 108
486 501
171 479
228 544
269 399
881 726
645 346
52 40
35 748
727 188
59 37
680 174
51 30
469 285
172 240
188 567
79 961
526 665
412 705
416 979
466 457
958 599
238 580
354 314
746 711
27 43
86 76
89 244
135 112
591 885
259 622
28 342
118 31
748 756
114 26
217 116
37 15
752 135
675 788
12 11
274 339
804 284
393 828
183 91
379 459
536 798
54 134
252 594
317 843
52 286
24 968
591 144
696 70
547 588
171 242
234 115
374 179
383 233
10 28
442 31
128 3
566 196
69 279
222 7
208 151
329 331
87 68
489 499
172 131
35 605
271 171
292 80
424 358
347 104
980 747
30 53
827 623
338 263
11 10
769 586
865 482
750 242
663 43
205 410
60 54
877 552
266 313
50 8
703 556
162 462
624 384
314 294
800 636
202 126
272 912
592 26
127 355
17 36
110 4
152 19
565 738
4 34
1 8
593 687
469 878
775 472
377 77
268 128
507 803
484 248
109 270
184 105
930 550
89 42
329 167
367 709
619 560
470 2
639 234
65 44
81 387
949 570
415 143
13 11
181 38
396 946
278 364
901 424
856 468
16 845
157 497
121 186
77 423
440 935
190 295
363 542
981 475
441 177
371 463
129 589
200 436
365 932
678 98
717 716
296 807
524 300
967 108
221 476
6 2
305 396
975 895
551 415
693 190
965 605
531 181
179 132
701 102
92 34
9 4
382 651
907 219
126 185
310 110
23 18
134 386
590 704
114 122
546 487
518 354
108 246
121 317
411 19
929 96
519 271
816 659
729 264
779 501
817 328
61 133
318 595
922 360
778 813
16 460
223 66
3 99
579 604
509 642
153 88
316 765
